MOVIMENTOS: 0
[[5, 9, 8], [7, 3, 6], [2, 4, 1]]



MOVIMENTOS: 1
[[5, 8, 9], [7, 3, 6], [2, 4, 1]]



MOVIMENTOS: 2
[[5, 8, 6], [7, 3, 9], [2, 4, 1]]



MOVIMENTOS: 3
[[5, 8, 6], [7, 3, 1], [2, 4, 9]]



MOVIMENTOS: 4
[[5, 8, 6], [7, 3, 1], [2, 9, 4]]



MOVIMENTOS: 5
[[5, 8, 6], [7, 3, 1], [9, 2, 4]]



MOVIMENTOS: 6
[[5, 8, 6], [9, 3, 1], [7, 2, 4]]



MOVIMENTOS: 7
[[5, 8, 6], [3, 9, 1], [7, 2, 4]]



MOVIMENTOS: 8
[[5, 8, 6], [3, 1, 9], [7, 2, 4]]



MOVIMENTOS: 9
[[5, 8, 6], [3, 1, 4], [7, 2, 9]]



MOVIMENTOS: 10
[[5, 8, 6], [3, 1, 4], [7, 9, 2]]



MOVIMENTOS: 11
[[5, 8, 6], [3, 1, 4], [9, 7, 2]]



MOVIMENTOS: 12
[[5, 8, 6], [9, 1, 4], [3, 7, 2]]



MOVIMENTOS: 13
[[5, 8, 6], [1, 9, 4], [3, 7, 2]]



MOVIMENTOS: 14
[[5, 8, 6], [1, 4, 9], [3, 7, 2]]



MOVIMENTOS: 15
[[5, 8, 6], [1, 4, 2], [3, 7, 9]]



MOVIMENTOS: 16
[[5, 8, 6], [1, 4, 2], [3, 9, 7]]



MOVIMENTOS: 17
[[5, 8, 6], [1, 4, 2], [9, 3, 7]]



MOVIMENTOS: 18
[[5, 8, 6], [9, 4, 2], [1, 3, 7]]



MOVIMENTOS: 19
[[5, 8, 6], [4, 9, 2], [1, 3, 7]]



MOVIMENTOS: 20
[[5, 8, 6], [4, 2, 9], [1, 3, 7]]



MOVIMENTOS: 21
[[5, 8, 9], [4, 2, 6], [1, 3, 7]]



MOVIMENTOS: 22
[[5, 9, 8], [4, 2, 6], [1, 3, 7]]



MOVIMENTOS: 23
[[5, 2, 8], [4, 9, 6], [1, 3, 7]]



MOVIMENTOS: 24
[[5, 2, 8], [4, 3, 6], [1, 9, 7]]



MOVIMENTOS: 25
[[5, 2, 8], [4, 3, 6], [1, 7, 9]]



MOVIMENTOS: 26
[[5, 2, 8], [4, 3, 9], [1, 7, 6]]



MOVIMENTOS: 27
[[5, 2, 8], [4, 9, 3], [1, 7, 6]]



MOVIMENTOS: 28
[[5, 2, 8], [4, 7, 3], [1, 9, 6]]



MOVIMENTOS: 29
[[5, 2, 8], [4, 7, 3], [1, 6, 9]]



MOVIMENTOS: 30
[[5, 2, 8], [4, 7, 9], [1, 6, 3]]



MOVIMENTOS: 31
[[5, 2, 9], [4, 7, 8], [1, 6, 3]]



MOVIMENTOS: 32
[[5, 9, 2], [4, 7, 8], [1, 6, 3]]



MOVIMENTOS: 33
[[9, 5, 2], [4, 7, 8], [1, 6, 3]]



MOVIMENTOS: 34
[[4, 5, 2], [9, 7, 8], [1, 6, 3]]



MOVIMENTOS: 35
[[4, 5, 2], [7, 9, 8], [1, 6, 3]]



MOVIMENTOS: 36
[[4, 5, 2], [7, 8, 9], [1, 6, 3]]



MOVIMENTOS: 37
[[4, 5, 2], [7, 8, 3], [1, 6, 9]]



MOVIMENTOS: 38
[[4, 5, 2], [7, 8, 3], [1, 9, 6]]



MOVIMENTOS: 39
[[4, 5, 2], [7, 9, 3], [1, 8, 6]]



MOVIMENTOS: 40
[[4, 5, 2], [7, 3, 9], [1, 8, 6]]



MOVIMENTOS: 41
[[4, 5, 2], [7, 3, 6], [1, 8, 9]]



MOVIMENTOS: 42
[[4, 5, 2], [7, 3, 6], [1, 9, 8]]



MOVIMENTOS: 43
[[4, 5, 2], [7, 3, 6], [9, 1, 8]]



MOVIMENTOS: 44
[[4, 5, 2], [9, 3, 6], [7, 1, 8]]



MOVIMENTOS: 45
[[4, 5, 2], [3, 9, 6], [7, 1, 8]]



MOVIMENTOS: 46
[[4, 5, 2], [3, 1, 6], [7, 9, 8]]



MOVIMENTOS: 47
[[4, 5, 2], [3, 1, 6], [7, 8, 9]]



MOVIMENTOS: 48
[[4, 5, 2], [3, 1, 9], [7, 8, 6]]



MOVIMENTOS: 49
[[4, 5, 2], [3, 9, 1], [7, 8, 6]]



MOVIMENTOS: 50
[[4, 5, 2], [9, 3, 1], [7, 8, 6]]



MOVIMENTOS: 51
[[4, 5, 2], [7, 3, 1], [9, 8, 6]]



MOVIMENTOS: 52
[[4, 5, 2], [7, 3, 1], [8, 9, 6]]



MOVIMENTOS: 53
[[4, 5, 2], [7, 3, 1], [8, 6, 9]]



MOVIMENTOS: 54
[[4, 5, 2], [7, 3, 9], [8, 6, 1]]



MOVIMENTOS: 55
[[4, 5, 2], [7, 9, 3], [8, 6, 1]]



MOVIMENTOS: 56
[[4, 5, 2], [7, 6, 3], [8, 9, 1]]



MOVIMENTOS: 57
[[4, 5, 2], [7, 6, 3], [8, 1, 9]]



MOVIMENTOS: 58
[[4, 5, 2], [7, 6, 9], [8, 1, 3]]



MOVIMENTOS: 59
[[4, 5, 2], [7, 9, 6], [8, 1, 3]]



MOVIMENTOS: 60
[[4, 5, 2], [7, 1, 6], [8, 9, 3]]



MOVIMENTOS: 61
[[4, 5, 2], [7, 1, 6], [8, 3, 9]]



MOVIMENTOS: 62
[[4, 5, 2], [7, 1, 9], [8, 3, 6]]



MOVIMENTOS: 63
[[4, 5, 9], [7, 1, 2], [8, 3, 6]]



MOVIMENTOS: 64
[[4, 9, 5], [7, 1, 2], [8, 3, 6]]



MOVIMENTOS: 65
[[4, 1, 5], [7, 9, 2], [8, 3, 6]]



MOVIMENTOS: 66
[[4, 1, 5], [7, 2, 9], [8, 3, 6]]



MOVIMENTOS: 67
[[4, 1, 5], [7, 2, 6], [8, 3, 9]]



MOVIMENTOS: 68
[[4, 1, 5], [7, 2, 6], [8, 9, 3]]



MOVIMENTOS: 69
[[4, 1, 5], [7, 2, 6], [9, 8, 3]]



MOVIMENTOS: 70
[[4, 1, 5], [9, 2, 6], [7, 8, 3]]



MOVIMENTOS: 71
[[4, 1, 5], [2, 9, 6], [7, 8, 3]]



MOVIMENTOS: 72
[[4, 1, 5], [2, 6, 9], [7, 8, 3]]



MOVIMENTOS: 73
[[4, 1, 5], [2, 6, 3], [7, 8, 9]]



MOVIMENTOS: 74
[[4, 1, 5], [2, 6, 3], [7, 9, 8]]



MOVIMENTOS: 75
[[4, 1, 5], [2, 6, 3], [9, 7, 8]]



MOVIMENTOS: 76
[[4, 1, 5], [9, 6, 3], [2, 7, 8]]



MOVIMENTOS: 77
[[4, 1, 5], [6, 9, 3], [2, 7, 8]]



MOVIMENTOS: 78
[[4, 1, 5], [6, 3, 9], [2, 7, 8]]



MOVIMENTOS: 79
[[4, 1, 5], [6, 3, 8], [2, 7, 9]]



MOVIMENTOS: 80
[[4, 1, 5], [6, 3, 8], [2, 9, 7]]



MOVIMENTOS: 81
[[4, 1, 5], [6, 3, 8], [9, 2, 7]]



MOVIMENTOS: 82
[[4, 1, 5], [9, 3, 8], [6, 2, 7]]



MOVIMENTOS: 83
[[4, 1, 5], [3, 9, 8], [6, 2, 7]]



MOVIMENTOS: 84
[[4, 1, 5], [3, 8, 9], [6, 2, 7]]



MOVIMENTOS: 85
[[4, 1, 9], [3, 8, 5], [6, 2, 7]]



MOVIMENTOS: 86
[[4, 9, 1], [3, 8, 5], [6, 2, 7]]



MOVIMENTOS: 87
[[4, 8, 1], [3, 9, 5], [6, 2, 7]]



MOVIMENTOS: 88
[[4, 8, 1], [3, 5, 9], [6, 2, 7]]



MOVIMENTOS: 89
[[4, 8, 1], [3, 5, 7], [6, 2, 9]]



MOVIMENTOS: 90
[[4, 8, 1], [3, 5, 7], [6, 9, 2]]



MOVIMENTOS: 91
[[4, 8, 1], [3, 5, 7], [9, 6, 2]]



MOVIMENTOS: 92
[[4, 8, 1], [9, 5, 7], [3, 6, 2]]



MOVIMENTOS: 93
[[4, 8, 1], [5, 9, 7], [3, 6, 2]]



MOVIMENTOS: 94
[[4, 8, 1], [5, 7, 9], [3, 6, 2]]



MOVIMENTOS: 95
[[4, 8, 1], [5, 7, 2], [3, 6, 9]]



MOVIMENTOS: 96
[[4, 8, 1], [5, 7, 2], [3, 9, 6]]



MOVIMENTOS: 97
[[4, 8, 1], [5, 7, 2], [9, 3, 6]]



MOVIMENTOS: 98
[[4, 8, 1], [9, 7, 2], [5, 3, 6]]



MOVIMENTOS: 99
[[4, 8, 1], [7, 9, 2], [5, 3, 6]]



MOVIMENTOS: 100
[[4, 8, 1], [7, 2, 9], [5, 3, 6]]



MOVIMENTOS: 101
[[4, 8, 1], [7, 2, 6], [5, 3, 9]]



MOVIMENTOS: 102
[[4, 8, 1], [7, 2, 6], [5, 9, 3]]



MOVIMENTOS: 103
[[4, 8, 1], [7, 2, 6], [9, 5, 3]]



MOVIMENTOS: 104
[[4, 8, 1], [9, 2, 6], [7, 5, 3]]



MOVIMENTOS: 105
[[4, 8, 1], [2, 9, 6], [7, 5, 3]]



MOVIMENTOS: 106
[[4, 8, 1], [2, 5, 6], [7, 9, 3]]



MOVIMENTOS: 107
[[4, 8, 1], [2, 5, 6], [7, 3, 9]]



MOVIMENTOS: 108
[[4, 8, 1], [2, 5, 9], [7, 3, 6]]



MOVIMENTOS: 109
[[4, 8, 1], [2, 9, 5], [7, 3, 6]]



MOVIMENTOS: 110
[[4, 8, 1], [2, 3, 5], [7, 9, 6]]



MOVIMENTOS: 111
[[4, 8, 1], [2, 3, 5], [7, 6, 9]]



MOVIMENTOS: 112
[[4, 8, 1], [2, 3, 9], [7, 6, 5]]



MOVIMENTOS: 113
[[4, 8, 1], [2, 9, 3], [7, 6, 5]]



MOVIMENTOS: 114
[[4, 8, 1], [2, 6, 3], [7, 9, 5]]



MOVIMENTOS: 115
[[4, 8, 1], [2, 6, 3], [7, 5, 9]]



MOVIMENTOS: 116
[[4, 8, 1], [2, 6, 3], [9, 7, 5]]



MOVIMENTOS: 117
[[4, 8, 1], [9, 6, 3], [2, 7, 5]]



MOVIMENTOS: 118
[[4, 8, 1], [6, 9, 3], [2, 7, 5]]



MOVIMENTOS: 119
[[4, 8, 1], [6, 3, 9], [2, 7, 5]]



MOVIMENTOS: 120
[[4, 8, 1], [6, 3, 5], [2, 7, 9]]



MOVIMENTOS: 121
[[4, 8, 1], [6, 3, 5], [2, 9, 7]]



MOVIMENTOS: 122
[[4, 8, 1], [6, 3, 5], [9, 2, 7]]



MOVIMENTOS: 123
[[4, 8, 1], [6, 9, 5], [2, 3, 7]]



MOVIMENTOS: 124
[[4, 8, 1], [6, 5, 9], [2, 3, 7]]



MOVIMENTOS: 125
[[4, 8, 1], [6, 5, 7], [2, 3, 9]]



MOVIMENTOS: 126
[[4, 8, 1], [6, 5, 7], [2, 9, 3]]



MOVIMENTOS: 127
[[4, 8, 1], [6, 5, 7], [9, 2, 3]]



MOVIMENTOS: 128
[[4, 8, 1], [9, 5, 7], [6, 2, 3]]



MOVIMENTOS: 129
[[4, 8, 1], [5, 9, 7], [6, 2, 3]]



MOVIMENTOS: 130
[[4, 8, 1], [5, 7, 9], [6, 2, 3]]



MOVIMENTOS: 131
[[4, 8, 1], [5, 7, 3], [6, 2, 9]]



MOVIMENTOS: 132
[[4, 8, 1], [5, 7, 3], [6, 9, 2]]



MOVIMENTOS: 133
[[4, 8, 1], [5, 7, 3], [9, 6, 2]]



MOVIMENTOS: 134
[[4, 8, 1], [9, 7, 3], [5, 6, 2]]



MOVIMENTOS: 135
[[4, 8, 1], [7, 9, 3], [5, 6, 2]]



MOVIMENTOS: 136
[[4, 8, 1], [7, 6, 3], [5, 9, 2]]



MOVIMENTOS: 137
[[4, 8, 1], [7, 6, 3], [5, 2, 9]]



MOVIMENTOS: 138
[[4, 8, 1], [7, 6, 9], [5, 2, 3]]



MOVIMENTOS: 139
[[4, 8, 9], [7, 6, 1], [5, 2, 3]]



MOVIMENTOS: 140
[[4, 9, 8], [7, 6, 1], [5, 2, 3]]



MOVIMENTOS: 141
[[4, 6, 8], [7, 9, 1], [5, 2, 3]]



MOVIMENTOS: 142
[[4, 6, 8], [7, 1, 9], [5, 2, 3]]



MOVIMENTOS: 143
[[4, 6, 8], [7, 1, 3], [5, 2, 9]]



MOVIMENTOS: 144
[[4, 6, 8], [7, 1, 3], [5, 9, 2]]



MOVIMENTOS: 145
[[4, 6, 8], [7, 1, 3], [9, 5, 2]]



MOVIMENTOS: 146
[[4, 6, 8], [9, 1, 3], [7, 5, 2]]



MOVIMENTOS: 147
[[4, 6, 8], [1, 9, 3], [7, 5, 2]]



MOVIMENTOS: 148
[[4, 6, 8], [1, 5, 3], [7, 9, 2]]



MOVIMENTOS: 149
[[4, 6, 8], [1, 5, 3], [7, 2, 9]]



MOVIMENTOS: 150
[[4, 6, 8], [1, 5, 9], [7, 2, 3]]



MOVIMENTOS: 151
[[4, 6, 9], [1, 5, 8], [7, 2, 3]]



MOVIMENTOS: 152
[[4, 9, 6], [1, 5, 8], [7, 2, 3]]



MOVIMENTOS: 153
[[4, 5, 6], [1, 9, 8], [7, 2, 3]]



MOVIMENTOS: 154
[[4, 5, 6], [1, 8, 9], [7, 2, 3]]



MOVIMENTOS: 155
[[4, 5, 6], [1, 8, 3], [7, 2, 9]]



MOVIMENTOS: 156
[[4, 5, 6], [1, 8, 3], [7, 9, 2]]



MOVIMENTOS: 157
[[4, 5, 6], [1, 9, 3], [7, 8, 2]]



MOVIMENTOS: 158
[[4, 5, 6], [1, 3, 9], [7, 8, 2]]



MOVIMENTOS: 159
[[4, 5, 6], [1, 3, 2], [7, 8, 9]]



MOVIMENTOS: 160
[[4, 5, 6], [1, 3, 2], [7, 9, 8]]



MOVIMENTOS: 161
[[4, 5, 6], [1, 3, 2], [9, 7, 8]]



MOVIMENTOS: 162
[[4, 5, 6], [9, 3, 2], [1, 7, 8]]



MOVIMENTOS: 163
[[4, 5, 6], [3, 9, 2], [1, 7, 8]]



MOVIMENTOS: 164
[[4, 5, 6], [3, 2, 9], [1, 7, 8]]



MOVIMENTOS: 165
[[4, 5, 9], [3, 2, 6], [1, 7, 8]]



MOVIMENTOS: 166
[[4, 9, 5], [3, 2, 6], [1, 7, 8]]



MOVIMENTOS: 167
[[4, 2, 5], [3, 9, 6], [1, 7, 8]]



MOVIMENTOS: 168
[[4, 2, 5], [3, 6, 9], [1, 7, 8]]



MOVIMENTOS: 169
[[4, 2, 5], [3, 6, 8], [1, 7, 9]]



MOVIMENTOS: 170
[[4, 2, 5], [3, 6, 8], [1, 9, 7]]



MOVIMENTOS: 171
[[4, 2, 5], [3, 6, 8], [9, 1, 7]]



MOVIMENTOS: 172
[[4, 2, 5], [9, 6, 8], [3, 1, 7]]



MOVIMENTOS: 173
[[4, 2, 5], [6, 9, 8], [3, 1, 7]]



MOVIMENTOS: 174
[[4, 2, 5], [6, 8, 9], [3, 1, 7]]



MOVIMENTOS: 175
[[4, 2, 9], [6, 8, 5], [3, 1, 7]]



MOVIMENTOS: 176
[[4, 9, 2], [6, 8, 5], [3, 1, 7]]



MOVIMENTOS: 177
[[4, 8, 2], [6, 9, 5], [3, 1, 7]]



MOVIMENTOS: 178
[[4, 8, 2], [6, 5, 9], [3, 1, 7]]



MOVIMENTOS: 179
[[4, 8, 2], [6, 5, 7], [3, 1, 9]]



MOVIMENTOS: 180
[[4, 8, 2], [6, 5, 7], [3, 9, 1]]



MOVIMENTOS: 181
[[4, 8, 2], [6, 5, 7], [9, 3, 1]]



MOVIMENTOS: 182
[[4, 8, 2], [9, 5, 7], [6, 3, 1]]



MOVIMENTOS: 183
[[4, 8, 2], [5, 9, 7], [6, 3, 1]]



MOVIMENTOS: 184
[[4, 8, 2], [5, 7, 9], [6, 3, 1]]



MOVIMENTOS: 185
[[4, 8, 2], [5, 7, 1], [6, 3, 9]]



MOVIMENTOS: 186
[[4, 8, 2], [5, 7, 1], [6, 9, 3]]



MOVIMENTOS: 187
[[4, 8, 2], [5, 7, 1], [9, 6, 3]]



MOVIMENTOS: 188
[[4, 8, 2], [9, 7, 1], [5, 6, 3]]



MOVIMENTOS: 189
[[4, 8, 2], [7, 9, 1], [5, 6, 3]]



MOVIMENTOS: 190
[[4, 8, 2], [7, 1, 9], [5, 6, 3]]



MOVIMENTOS: 191
[[4, 8, 2], [7, 1, 3], [5, 6, 9]]



MOVIMENTOS: 192
[[4, 8, 2], [7, 1, 3], [5, 9, 6]]



MOVIMENTOS: 193
[[4, 8, 2], [7, 1, 3], [9, 5, 6]]



MOVIMENTOS: 194
[[4, 8, 2], [9, 1, 3], [7, 5, 6]]



MOVIMENTOS: 195
[[4, 8, 2], [1, 9, 3], [7, 5, 6]]



MOVIMENTOS: 196
[[4, 8, 2], [1, 5, 3], [7, 9, 6]]



MOVIMENTOS: 197
[[4, 8, 2], [1, 5, 3], [7, 6, 9]]



MOVIMENTOS: 198
[[4, 8, 2], [1, 5, 9], [7, 6, 3]]



MOVIMENTOS: 199
[[4, 8, 2], [1, 9, 5], [7, 6, 3]]



MOVIMENTOS: 200
[[4, 8, 2], [1, 6, 5], [7, 9, 3]]



MOVIMENTOS: 201
[[4, 8, 2], [1, 6, 5], [7, 3, 9]]



MOVIMENTOS: 202
[[4, 8, 2], [1, 6, 9], [7, 3, 5]]



MOVIMENTOS: 203
[[4, 8, 2], [1, 9, 6], [7, 3, 5]]



MOVIMENTOS: 204
[[4, 8, 2], [1, 3, 6], [7, 9, 5]]



MOVIMENTOS: 205
[[4, 8, 2], [1, 3, 6], [7, 5, 9]]



MOVIMENTOS: 206
[[4, 8, 2], [1, 3, 6], [9, 7, 5]]



MOVIMENTOS: 207
[[4, 8, 2], [9, 3, 6], [1, 7, 5]]



MOVIMENTOS: 208
[[4, 8, 2], [3, 9, 6], [1, 7, 5]]



MOVIMENTOS: 209
[[4, 8, 2], [3, 6, 9], [1, 7, 5]]



MOVIMENTOS: 210
[[4, 8, 2], [3, 6, 5], [1, 7, 9]]



MOVIMENTOS: 211
[[4, 8, 2], [3, 6, 5], [1, 9, 7]]



MOVIMENTOS: 212
[[4, 8, 2], [3, 6, 5], [9, 1, 7]]



MOVIMENTOS: 213
[[4, 8, 2], [3, 9, 5], [1, 6, 7]]



MOVIMENTOS: 214
[[4, 8, 2], [3, 5, 9], [1, 6, 7]]



MOVIMENTOS: 215
[[4, 8, 2], [3, 5, 7], [1, 6, 9]]



MOVIMENTOS: 216
[[4, 8, 2], [3, 5, 7], [1, 9, 6]]



MOVIMENTOS: 217
[[4, 8, 2], [3, 5, 7], [9, 1, 6]]



MOVIMENTOS: 218
[[4, 8, 2], [9, 5, 7], [3, 1, 6]]



MOVIMENTOS: 219
[[4, 8, 2], [5, 9, 7], [3, 1, 6]]



MOVIMENTOS: 220
[[4, 8, 2], [5, 7, 9], [3, 1, 6]]



MOVIMENTOS: 221
[[4, 8, 2], [5, 7, 6], [3, 1, 9]]



MOVIMENTOS: 222
[[4, 8, 2], [5, 7, 6], [3, 9, 1]]



MOVIMENTOS: 223
[[4, 8, 2], [5, 7, 6], [9, 3, 1]]



MOVIMENTOS: 224
[[4, 8, 2], [9, 7, 6], [5, 3, 1]]



MOVIMENTOS: 225
[[4, 8, 2], [7, 9, 6], [5, 3, 1]]



MOVIMENTOS: 226
[[4, 8, 2], [7, 3, 6], [5, 9, 1]]



MOVIMENTOS: 227
[[4, 8, 2], [7, 3, 6], [5, 1, 9]]



MOVIMENTOS: 228
[[4, 8, 2], [7, 3, 9], [5, 1, 6]]



MOVIMENTOS: 229
[[4, 8, 9], [7, 3, 2], [5, 1, 6]]



MOVIMENTOS: 230
[[4, 9, 8], [7, 3, 2], [5, 1, 6]]



MOVIMENTOS: 231
[[4, 3, 8], [7, 9, 2], [5, 1, 6]]



MOVIMENTOS: 232
[[4, 3, 8], [7, 2, 9], [5, 1, 6]]



MOVIMENTOS: 233
[[4, 3, 8], [7, 2, 6], [5, 1, 9]]



MOVIMENTOS: 234
[[4, 3, 8], [7, 2, 6], [5, 9, 1]]



MOVIMENTOS: 235
[[4, 3, 8], [7, 2, 6], [9, 5, 1]]



MOVIMENTOS: 236
[[4, 3, 8], [9, 2, 6], [7, 5, 1]]



MOVIMENTOS: 237
[[4, 3, 8], [2, 9, 6], [7, 5, 1]]



MOVIMENTOS: 238
[[4, 3, 8], [2, 5, 6], [7, 9, 1]]



MOVIMENTOS: 239
[[4, 3, 8], [2, 5, 6], [7, 1, 9]]



MOVIMENTOS: 240
[[4, 3, 8], [2, 5, 9], [7, 1, 6]]



MOVIMENTOS: 241
[[4, 3, 9], [2, 5, 8], [7, 1, 6]]



MOVIMENTOS: 242
[[4, 9, 3], [2, 5, 8], [7, 1, 6]]



MOVIMENTOS: 243
[[4, 5, 3], [2, 9, 8], [7, 1, 6]]



MOVIMENTOS: 244
[[4, 5, 3], [2, 8, 9], [7, 1, 6]]



MOVIMENTOS: 245
[[4, 5, 3], [2, 8, 6], [7, 1, 9]]



MOVIMENTOS: 246
[[4, 5, 3], [2, 8, 6], [7, 9, 1]]



MOVIMENTOS: 247
[[4, 5, 3], [2, 9, 6], [7, 8, 1]]



MOVIMENTOS: 248
[[4, 5, 3], [2, 6, 9], [7, 8, 1]]



MOVIMENTOS: 249
[[4, 5, 3], [2, 6, 1], [7, 8, 9]]



MOVIMENTOS: 250
[[4, 5, 3], [2, 6, 1], [7, 9, 8]]



MOVIMENTOS: 251
[[4, 5, 3], [2, 6, 1], [9, 7, 8]]



MOVIMENTOS: 252
[[4, 5, 3], [9, 6, 1], [2, 7, 8]]



MOVIMENTOS: 253
[[4, 5, 3], [6, 9, 1], [2, 7, 8]]



MOVIMENTOS: 254
[[4, 5, 3], [6, 1, 9], [2, 7, 8]]



MOVIMENTOS: 255
[[4, 5, 3], [6, 1, 8], [2, 7, 9]]



MOVIMENTOS: 256
[[4, 5, 3], [6, 1, 8], [2, 9, 7]]



MOVIMENTOS: 257
[[4, 5, 3], [6, 1, 8], [9, 2, 7]]



MOVIMENTOS: 258
[[4, 5, 3], [9, 1, 8], [6, 2, 7]]



MOVIMENTOS: 259
[[4, 5, 3], [1, 9, 8], [6, 2, 7]]



MOVIMENTOS: 260
[[4, 5, 3], [1, 8, 9], [6, 2, 7]]



MOVIMENTOS: 261
[[4, 5, 3], [1, 8, 7], [6, 2, 9]]



MOVIMENTOS: 262
[[4, 5, 3], [1, 8, 7], [6, 9, 2]]



MOVIMENTOS: 263
[[4, 5, 3], [1, 8, 7], [9, 6, 2]]



MOVIMENTOS: 264
[[4, 5, 3], [9, 8, 7], [1, 6, 2]]



MOVIMENTOS: 265
[[4, 5, 3], [8, 9, 7], [1, 6, 2]]



MOVIMENTOS: 266
[[4, 5, 3], [8, 7, 9], [1, 6, 2]]



MOVIMENTOS: 267
[[4, 5, 3], [8, 7, 2], [1, 6, 9]]



MOVIMENTOS: 268
[[4, 5, 3], [8, 7, 2], [1, 9, 6]]



MOVIMENTOS: 269
[[4, 5, 3], [8, 9, 2], [1, 7, 6]]



MOVIMENTOS: 270
[[4, 5, 3], [8, 2, 9], [1, 7, 6]]



MOVIMENTOS: 271
[[4, 5, 3], [8, 2, 6], [1, 7, 9]]



MOVIMENTOS: 272
[[4, 5, 3], [8, 2, 6], [1, 9, 7]]



MOVIMENTOS: 273
[[4, 5, 3], [8, 2, 6], [9, 1, 7]]



MOVIMENTOS: 274
[[4, 5, 3], [9, 2, 6], [8, 1, 7]]



MOVIMENTOS: 275
[[4, 5, 3], [2, 9, 6], [8, 1, 7]]



MOVIMENTOS: 276
[[4, 5, 3], [2, 1, 6], [8, 9, 7]]



MOVIMENTOS: 277
[[4, 5, 3], [2, 1, 6], [8, 7, 9]]



MOVIMENTOS: 278
[[4, 5, 3], [2, 1, 9], [8, 7, 6]]



MOVIMENTOS: 279
[[4, 5, 3], [2, 9, 1], [8, 7, 6]]



MOVIMENTOS: 280
[[4, 5, 3], [9, 2, 1], [8, 7, 6]]



MOVIMENTOS: 281
[[4, 5, 3], [8, 2, 1], [9, 7, 6]]



MOVIMENTOS: 282
[[4, 5, 3], [8, 2, 1], [7, 9, 6]]



MOVIMENTOS: 283
[[4, 5, 3], [8, 2, 1], [7, 6, 9]]



MOVIMENTOS: 284
[[4, 5, 3], [8, 2, 9], [7, 6, 1]]



MOVIMENTOS: 285
[[4, 5, 3], [8, 9, 2], [7, 6, 1]]



MOVIMENTOS: 286
[[4, 5, 3], [8, 6, 2], [7, 9, 1]]



MOVIMENTOS: 287
[[4, 5, 3], [8, 6, 2], [7, 1, 9]]



MOVIMENTOS: 288
[[4, 5, 3], [8, 6, 9], [7, 1, 2]]



MOVIMENTOS: 289
[[4, 5, 3], [8, 9, 6], [7, 1, 2]]



MOVIMENTOS: 290
[[4, 5, 3], [8, 1, 6], [7, 9, 2]]



MOVIMENTOS: 291
[[4, 5, 3], [8, 1, 6], [7, 2, 9]]



MOVIMENTOS: 292
[[4, 5, 3], [8, 1, 9], [7, 2, 6]]



MOVIMENTOS: 293
[[4, 5, 9], [8, 1, 3], [7, 2, 6]]



MOVIMENTOS: 294
[[4, 9, 5], [8, 1, 3], [7, 2, 6]]



MOVIMENTOS: 295
[[4, 1, 5], [8, 9, 3], [7, 2, 6]]



MOVIMENTOS: 296
[[4, 1, 5], [8, 2, 3], [7, 9, 6]]



MOVIMENTOS: 297
[[4, 1, 5], [8, 2, 3], [7, 6, 9]]



MOVIMENTOS: 298
[[4, 1, 5], [8, 2, 9], [7, 6, 3]]



MOVIMENTOS: 299
[[4, 1, 9], [8, 2, 5], [7, 6, 3]]



MOVIMENTOS: 300
[[4, 9, 1], [8, 2, 5], [7, 6, 3]]



MOVIMENTOS: 301
[[4, 2, 1], [8, 9, 5], [7, 6, 3]]



MOVIMENTOS: 302
[[4, 2, 1], [8, 5, 9], [7, 6, 3]]



MOVIMENTOS: 303
[[4, 2, 1], [8, 5, 3], [7, 6, 9]]



MOVIMENTOS: 304
[[4, 2, 1], [8, 5, 3], [7, 9, 6]]



MOVIMENTOS: 305
[[4, 2, 1], [8, 5, 3], [9, 7, 6]]



MOVIMENTOS: 306
[[4, 2, 1], [9, 5, 3], [8, 7, 6]]



MOVIMENTOS: 307
[[4, 2, 1], [5, 9, 3], [8, 7, 6]]



MOVIMENTOS: 308
[[4, 2, 1], [5, 3, 9], [8, 7, 6]]



MOVIMENTOS: 309
[[4, 2, 1], [5, 3, 6], [8, 7, 9]]



MOVIMENTOS: 310
[[4, 2, 1], [5, 3, 6], [8, 9, 7]]



MOVIMENTOS: 311
[[4, 2, 1], [5, 3, 6], [9, 8, 7]]



MOVIMENTOS: 312
[[4, 2, 1], [9, 3, 6], [5, 8, 7]]



MOVIMENTOS: 313
[[4, 2, 1], [3, 9, 6], [5, 8, 7]]



MOVIMENTOS: 314
[[4, 2, 1], [3, 6, 9], [5, 8, 7]]



MOVIMENTOS: 315
[[4, 2, 1], [3, 6, 7], [5, 8, 9]]



MOVIMENTOS: 316
[[4, 2, 1], [3, 6, 7], [5, 9, 8]]



MOVIMENTOS: 317
[[4, 2, 1], [3, 6, 7], [9, 5, 8]]



MOVIMENTOS: 318
[[4, 2, 1], [9, 6, 7], [3, 5, 8]]



MOVIMENTOS: 319
[[4, 2, 1], [6, 9, 7], [3, 5, 8]]



MOVIMENTOS: 320
[[4, 2, 1], [6, 7, 9], [3, 5, 8]]



MOVIMENTOS: 321
[[4, 2, 1], [6, 7, 8], [3, 5, 9]]



MOVIMENTOS: 322
[[4, 2, 1], [6, 7, 8], [3, 9, 5]]



MOVIMENTOS: 323
[[4, 2, 1], [6, 7, 8], [9, 3, 5]]



MOVIMENTOS: 324
[[4, 2, 1], [9, 7, 8], [6, 3, 5]]



MOVIMENTOS: 325
[[4, 2, 1], [7, 9, 8], [6, 3, 5]]



MOVIMENTOS: 326
[[4, 2, 1], [7, 8, 9], [6, 3, 5]]



MOVIMENTOS: 327
[[4, 2, 1], [7, 8, 5], [6, 3, 9]]



MOVIMENTOS: 328
[[4, 2, 1], [7, 8, 5], [6, 9, 3]]



MOVIMENTOS: 329
[[4, 2, 1], [7, 8, 5], [9, 6, 3]]



MOVIMENTOS: 330
[[4, 2, 1], [7, 9, 5], [6, 8, 3]]



MOVIMENTOS: 331
[[4, 2, 1], [7, 5, 9], [6, 8, 3]]



MOVIMENTOS: 332
[[4, 2, 1], [7, 5, 3], [6, 8, 9]]



MOVIMENTOS: 333
[[4, 2, 1], [7, 5, 3], [6, 9, 8]]



MOVIMENTOS: 334
[[4, 2, 1], [7, 5, 3], [9, 6, 8]]



MOVIMENTOS: 335
[[4, 2, 1], [9, 5, 3], [7, 6, 8]]



MOVIMENTOS: 336
[[4, 2, 1], [5, 9, 3], [7, 6, 8]]



MOVIMENTOS: 337
[[4, 2, 1], [5, 6, 3], [7, 9, 8]]



MOVIMENTOS: 338
[[4, 2, 1], [5, 6, 3], [7, 8, 9]]



MOVIMENTOS: 339
[[4, 2, 1], [5, 6, 9], [7, 8, 3]]



MOVIMENTOS: 340
[[4, 2, 1], [5, 9, 6], [7, 8, 3]]



MOVIMENTOS: 341
[[4, 2, 1], [9, 5, 6], [7, 8, 3]]



MOVIMENTOS: 342
[[4, 2, 1], [7, 5, 6], [9, 8, 3]]



MOVIMENTOS: 343
[[4, 2, 1], [7, 5, 6], [8, 9, 3]]



MOVIMENTOS: 344
[[4, 2, 1], [7, 5, 6], [8, 3, 9]]



MOVIMENTOS: 345
[[4, 2, 1], [7, 5, 9], [8, 3, 6]]



MOVIMENTOS: 346
[[4, 2, 1], [7, 9, 5], [8, 3, 6]]



MOVIMENTOS: 347
[[4, 2, 1], [7, 3, 5], [8, 9, 6]]



MOVIMENTOS: 348
[[4, 2, 1], [7, 3, 5], [8, 6, 9]]



MOVIMENTOS: 349
[[4, 2, 1], [7, 3, 9], [8, 6, 5]]



MOVIMENTOS: 350
[[4, 2, 1], [7, 9, 3], [8, 6, 5]]



MOVIMENTOS: 351
[[4, 2, 1], [7, 6, 3], [8, 9, 5]]



MOVIMENTOS: 352
[[4, 2, 1], [7, 6, 3], [8, 5, 9]]



MOVIMENTOS: 353
[[4, 2, 1], [7, 6, 9], [8, 5, 3]]



MOVIMENTOS: 354
[[4, 2, 9], [7, 6, 1], [8, 5, 3]]



MOVIMENTOS: 355
[[4, 9, 2], [7, 6, 1], [8, 5, 3]]



MOVIMENTOS: 356
[[4, 6, 2], [7, 9, 1], [8, 5, 3]]



MOVIMENTOS: 357
[[4, 6, 2], [7, 1, 9], [8, 5, 3]]



MOVIMENTOS: 358
[[4, 6, 2], [7, 1, 3], [8, 5, 9]]



MOVIMENTOS: 359
[[4, 6, 2], [7, 1, 3], [8, 9, 5]]



MOVIMENTOS: 360
[[4, 6, 2], [7, 1, 3], [9, 8, 5]]



MOVIMENTOS: 361
[[4, 6, 2], [9, 1, 3], [7, 8, 5]]



MOVIMENTOS: 362
[[4, 6, 2], [1, 9, 3], [7, 8, 5]]



MOVIMENTOS: 363
[[4, 6, 2], [1, 3, 9], [7, 8, 5]]



MOVIMENTOS: 364
[[4, 6, 2], [1, 3, 5], [7, 8, 9]]



MOVIMENTOS: 365
[[4, 6, 2], [1, 3, 5], [7, 9, 8]]



MOVIMENTOS: 366
[[4, 6, 2], [1, 3, 5], [9, 7, 8]]



MOVIMENTOS: 367
[[4, 6, 2], [9, 3, 5], [1, 7, 8]]



MOVIMENTOS: 368
[[4, 6, 2], [3, 9, 5], [1, 7, 8]]



MOVIMENTOS: 369
[[4, 6, 2], [3, 5, 9], [1, 7, 8]]



MOVIMENTOS: 370
[[4, 6, 2], [3, 5, 8], [1, 7, 9]]



MOVIMENTOS: 371
[[4, 6, 2], [3, 5, 8], [1, 9, 7]]



MOVIMENTOS: 372
[[4, 6, 2], [3, 5, 8], [9, 1, 7]]



MOVIMENTOS: 373
[[4, 6, 2], [9, 5, 8], [3, 1, 7]]



MOVIMENTOS: 374
[[4, 6, 2], [5, 9, 8], [3, 1, 7]]



MOVIMENTOS: 375
[[4, 6, 2], [5, 8, 9], [3, 1, 7]]



MOVIMENTOS: 376
[[4, 6, 2], [5, 8, 7], [3, 1, 9]]



MOVIMENTOS: 377
[[4, 6, 2], [5, 8, 7], [3, 9, 1]]



MOVIMENTOS: 378
[[4, 6, 2], [5, 8, 7], [9, 3, 1]]



MOVIMENTOS: 379
[[4, 6, 2], [9, 8, 7], [5, 3, 1]]



MOVIMENTOS: 380
[[4, 6, 2], [8, 9, 7], [5, 3, 1]]



MOVIMENTOS: 381
[[4, 6, 2], [8, 7, 9], [5, 3, 1]]



MOVIMENTOS: 382
[[4, 6, 2], [8, 7, 1], [5, 3, 9]]



MOVIMENTOS: 383
[[4, 6, 2], [8, 7, 1], [5, 9, 3]]



MOVIMENTOS: 384
[[4, 6, 2], [8, 7, 1], [9, 5, 3]]



MOVIMENTOS: 385
[[4, 6, 2], [8, 9, 1], [5, 7, 3]]



MOVIMENTOS: 386
[[4, 6, 2], [8, 1, 9], [5, 7, 3]]



MOVIMENTOS: 387
[[4, 6, 2], [8, 1, 3], [5, 7, 9]]



MOVIMENTOS: 388
[[4, 6, 2], [8, 1, 3], [5, 9, 7]]



MOVIMENTOS: 389
[[4, 6, 2], [8, 1, 3], [9, 5, 7]]



MOVIMENTOS: 390
[[4, 6, 2], [9, 1, 3], [8, 5, 7]]



MOVIMENTOS: 391
[[4, 6, 2], [1, 9, 3], [8, 5, 7]]



MOVIMENTOS: 392
[[4, 6, 2], [1, 5, 3], [8, 9, 7]]



MOVIMENTOS: 393
[[4, 6, 2], [1, 5, 3], [8, 7, 9]]



MOVIMENTOS: 394
[[4, 6, 2], [1, 5, 9], [8, 7, 3]]



MOVIMENTOS: 395
[[4, 6, 2], [1, 9, 5], [8, 7, 3]]



MOVIMENTOS: 396
[[4, 9, 2], [1, 6, 5], [8, 7, 3]]



MOVIMENTOS: 397
[[4, 2, 9], [1, 6, 5], [8, 7, 3]]



MOVIMENTOS: 398
[[4, 2, 5], [1, 6, 9], [8, 7, 3]]



MOVIMENTOS: 399
[[4, 2, 5], [1, 6, 3], [8, 7, 9]]



MOVIMENTOS: 400
[[4, 2, 5], [1, 6, 3], [8, 9, 7]]



MOVIMENTOS: 401
[[4, 2, 5], [1, 6, 3], [9, 8, 7]]



MOVIMENTOS: 402
[[4, 2, 5], [9, 6, 3], [1, 8, 7]]



MOVIMENTOS: 403
[[4, 2, 5], [6, 9, 3], [1, 8, 7]]



MOVIMENTOS: 404
[[4, 2, 5], [6, 3, 9], [1, 8, 7]]



MOVIMENTOS: 405
[[4, 2, 5], [6, 3, 7], [1, 8, 9]]



MOVIMENTOS: 406
[[4, 2, 5], [6, 3, 7], [1, 9, 8]]



MOVIMENTOS: 407
[[4, 2, 5], [6, 3, 7], [9, 1, 8]]



MOVIMENTOS: 408
[[4, 2, 5], [9, 3, 7], [6, 1, 8]]



MOVIMENTOS: 409
[[4, 2, 5], [3, 9, 7], [6, 1, 8]]



MOVIMENTOS: 410
[[4, 2, 5], [3, 7, 9], [6, 1, 8]]



MOVIMENTOS: 411
[[4, 2, 9], [3, 7, 5], [6, 1, 8]]



MOVIMENTOS: 412
[[4, 9, 2], [3, 7, 5], [6, 1, 8]]



MOVIMENTOS: 413
[[4, 7, 2], [3, 9, 5], [6, 1, 8]]



MOVIMENTOS: 414
[[4, 7, 2], [3, 5, 9], [6, 1, 8]]



MOVIMENTOS: 415
[[4, 7, 2], [3, 5, 8], [6, 1, 9]]



MOVIMENTOS: 416
[[4, 7, 2], [3, 5, 8], [6, 9, 1]]



MOVIMENTOS: 417
[[4, 7, 2], [3, 5, 8], [9, 6, 1]]



MOVIMENTOS: 418
[[4, 7, 2], [9, 5, 8], [3, 6, 1]]



MOVIMENTOS: 419
[[4, 7, 2], [5, 9, 8], [3, 6, 1]]



MOVIMENTOS: 420
[[4, 7, 2], [5, 8, 9], [3, 6, 1]]



MOVIMENTOS: 421
[[4, 7, 2], [5, 8, 1], [3, 6, 9]]



MOVIMENTOS: 422
[[4, 7, 2], [5, 8, 1], [3, 9, 6]]



MOVIMENTOS: 423
[[4, 7, 2], [5, 8, 1], [9, 3, 6]]



MOVIMENTOS: 424
[[4, 7, 2], [9, 8, 1], [5, 3, 6]]



MOVIMENTOS: 425
[[4, 7, 2], [8, 9, 1], [5, 3, 6]]



MOVIMENTOS: 426
[[4, 7, 2], [8, 1, 9], [5, 3, 6]]



MOVIMENTOS: 427
[[4, 7, 2], [8, 1, 6], [5, 3, 9]]



MOVIMENTOS: 428
[[4, 7, 2], [8, 1, 6], [5, 9, 3]]



MOVIMENTOS: 429
[[4, 7, 2], [8, 1, 6], [9, 5, 3]]



MOVIMENTOS: 430
[[4, 7, 2], [9, 1, 6], [8, 5, 3]]



MOVIMENTOS: 431
[[4, 7, 2], [1, 9, 6], [8, 5, 3]]



MOVIMENTOS: 432
[[4, 7, 2], [1, 5, 6], [8, 9, 3]]



MOVIMENTOS: 433
[[4, 7, 2], [1, 5, 6], [8, 3, 9]]



MOVIMENTOS: 434
[[4, 7, 2], [1, 5, 9], [8, 3, 6]]



MOVIMENTOS: 435
[[4, 7, 2], [1, 9, 5], [8, 3, 6]]



MOVIMENTOS: 436
[[4, 7, 2], [1, 3, 5], [8, 9, 6]]



MOVIMENTOS: 437
[[4, 7, 2], [1, 3, 5], [8, 6, 9]]



MOVIMENTOS: 438
[[4, 7, 2], [1, 3, 9], [8, 6, 5]]



MOVIMENTOS: 439
[[4, 7, 2], [1, 9, 3], [8, 6, 5]]



MOVIMENTOS: 440
[[4, 7, 2], [1, 6, 3], [8, 9, 5]]



MOVIMENTOS: 441
[[4, 7, 2], [1, 6, 3], [8, 5, 9]]



MOVIMENTOS: 442
[[4, 7, 2], [1, 6, 3], [9, 8, 5]]



MOVIMENTOS: 443
[[4, 7, 2], [9, 6, 3], [1, 8, 5]]



MOVIMENTOS: 444
[[4, 7, 2], [6, 9, 3], [1, 8, 5]]



MOVIMENTOS: 445
[[4, 7, 2], [6, 3, 9], [1, 8, 5]]



MOVIMENTOS: 446
[[4, 7, 2], [6, 3, 5], [1, 8, 9]]



MOVIMENTOS: 447
[[4, 7, 2], [6, 3, 5], [1, 9, 8]]



MOVIMENTOS: 448
[[4, 7, 2], [6, 3, 5], [9, 1, 8]]



MOVIMENTOS: 449
[[4, 7, 2], [6, 9, 5], [1, 3, 8]]



MOVIMENTOS: 450
[[4, 7, 2], [6, 5, 9], [1, 3, 8]]



MOVIMENTOS: 451
[[4, 7, 2], [6, 5, 8], [1, 3, 9]]



MOVIMENTOS: 452
[[4, 7, 2], [6, 5, 8], [1, 9, 3]]



MOVIMENTOS: 453
[[4, 7, 2], [6, 5, 8], [9, 1, 3]]



MOVIMENTOS: 454
[[4, 7, 2], [9, 5, 8], [6, 1, 3]]



MOVIMENTOS: 455
[[4, 7, 2], [5, 9, 8], [6, 1, 3]]



MOVIMENTOS: 456
[[4, 7, 2], [5, 8, 9], [6, 1, 3]]



MOVIMENTOS: 457
[[4, 7, 2], [5, 8, 3], [6, 1, 9]]



MOVIMENTOS: 458
[[4, 7, 2], [5, 8, 3], [6, 9, 1]]



MOVIMENTOS: 459
[[4, 7, 2], [5, 8, 3], [9, 6, 1]]



MOVIMENTOS: 460
[[4, 7, 2], [9, 8, 3], [5, 6, 1]]



MOVIMENTOS: 461
[[4, 7, 2], [8, 9, 3], [5, 6, 1]]



MOVIMENTOS: 462
[[4, 7, 2], [8, 6, 3], [5, 9, 1]]



MOVIMENTOS: 463
[[4, 7, 2], [8, 6, 3], [5, 1, 9]]



MOVIMENTOS: 464
[[4, 7, 2], [8, 6, 9], [5, 1, 3]]



MOVIMENTOS: 465
[[4, 7, 9], [8, 6, 2], [5, 1, 3]]



MOVIMENTOS: 466
[[4, 9, 7], [8, 6, 2], [5, 1, 3]]



MOVIMENTOS: 467
[[4, 6, 7], [8, 9, 2], [5, 1, 3]]



MOVIMENTOS: 468
[[4, 6, 7], [8, 2, 9], [5, 1, 3]]



MOVIMENTOS: 469
[[4, 6, 7], [8, 2, 3], [5, 1, 9]]



MOVIMENTOS: 470
[[4, 6, 7], [8, 2, 3], [5, 9, 1]]



MOVIMENTOS: 471
[[4, 6, 7], [8, 2, 3], [9, 5, 1]]



MOVIMENTOS: 472
[[4, 6, 7], [9, 2, 3], [8, 5, 1]]



MOVIMENTOS: 473
[[4, 6, 7], [2, 9, 3], [8, 5, 1]]



MOVIMENTOS: 474
[[4, 6, 7], [2, 5, 3], [8, 9, 1]]



MOVIMENTOS: 475
[[4, 6, 7], [2, 5, 3], [8, 1, 9]]



MOVIMENTOS: 476
[[4, 6, 7], [2, 5, 9], [8, 1, 3]]



MOVIMENTOS: 477
[[4, 6, 9], [2, 5, 7], [8, 1, 3]]



MOVIMENTOS: 478
[[4, 9, 6], [2, 5, 7], [8, 1, 3]]



MOVIMENTOS: 479
[[4, 5, 6], [2, 9, 7], [8, 1, 3]]



MOVIMENTOS: 480
[[4, 5, 6], [2, 7, 9], [8, 1, 3]]



MOVIMENTOS: 481
[[4, 5, 6], [2, 7, 3], [8, 1, 9]]



MOVIMENTOS: 482
[[4, 5, 6], [2, 7, 3], [8, 9, 1]]



MOVIMENTOS: 483
[[4, 5, 6], [2, 7, 3], [9, 8, 1]]



MOVIMENTOS: 484
[[4, 5, 6], [9, 7, 3], [2, 8, 1]]



MOVIMENTOS: 485
[[4, 5, 6], [7, 9, 3], [2, 8, 1]]



MOVIMENTOS: 486
[[4, 5, 6], [7, 3, 9], [2, 8, 1]]



MOVIMENTOS: 487
[[4, 5, 6], [7, 3, 1], [2, 8, 9]]



MOVIMENTOS: 488
[[4, 5, 6], [7, 3, 1], [2, 9, 8]]



MOVIMENTOS: 489
[[4, 5, 6], [7, 3, 1], [9, 2, 8]]



MOVIMENTOS: 490
[[4, 5, 6], [9, 3, 1], [7, 2, 8]]



MOVIMENTOS: 491
[[4, 5, 6], [3, 9, 1], [7, 2, 8]]



MOVIMENTOS: 492
[[4, 5, 6], [3, 1, 9], [7, 2, 8]]



MOVIMENTOS: 493
[[4, 5, 9], [3, 1, 6], [7, 2, 8]]



MOVIMENTOS: 494
[[4, 9, 5], [3, 1, 6], [7, 2, 8]]



MOVIMENTOS: 495
[[4, 1, 5], [3, 9, 6], [7, 2, 8]]



MOVIMENTOS: 496
[[4, 1, 5], [3, 2, 6], [7, 9, 8]]



MOVIMENTOS: 497
[[4, 1, 5], [3, 2, 6], [7, 8, 9]]



MOVIMENTOS: 498
[[4, 1, 5], [3, 2, 9], [7, 8, 6]]



MOVIMENTOS: 499
[[4, 1, 9], [3, 2, 5], [7, 8, 6]]



MOVIMENTOS: 500
[[4, 9, 1], [3, 2, 5], [7, 8, 6]]



MOVIMENTOS: 501
[[4, 2, 1], [3, 9, 5], [7, 8, 6]]



MOVIMENTOS: 502
[[4, 2, 1], [3, 5, 9], [7, 8, 6]]



MOVIMENTOS: 503
[[4, 2, 1], [3, 5, 6], [7, 8, 9]]



MOVIMENTOS: 504
[[4, 2, 1], [3, 5, 6], [7, 9, 8]]



MOVIMENTOS: 505
[[4, 2, 1], [3, 5, 6], [9, 7, 8]]



MOVIMENTOS: 506
[[4, 2, 1], [9, 5, 6], [3, 7, 8]]



MOVIMENTOS: 507
[[4, 2, 1], [5, 9, 6], [3, 7, 8]]



MOVIMENTOS: 508
[[4, 2, 1], [5, 6, 9], [3, 7, 8]]



MOVIMENTOS: 509
[[4, 2, 1], [5, 6, 8], [3, 7, 9]]



MOVIMENTOS: 510
[[4, 2, 1], [5, 6, 8], [3, 9, 7]]



MOVIMENTOS: 511
[[4, 2, 1], [5, 6, 8], [9, 3, 7]]



MOVIMENTOS: 512
[[4, 2, 1], [9, 6, 8], [5, 3, 7]]



MOVIMENTOS: 513
[[4, 2, 1], [6, 9, 8], [5, 3, 7]]



MOVIMENTOS: 514
[[4, 2, 1], [6, 8, 9], [5, 3, 7]]



MOVIMENTOS: 515
[[4, 2, 1], [6, 8, 7], [5, 3, 9]]



MOVIMENTOS: 516
[[4, 2, 1], [6, 8, 7], [5, 9, 3]]



MOVIMENTOS: 517
[[4, 2, 1], [6, 8, 7], [9, 5, 3]]



MOVIMENTOS: 518
[[4, 2, 1], [9, 8, 7], [6, 5, 3]]



MOVIMENTOS: 519
[[4, 2, 1], [8, 9, 7], [6, 5, 3]]



MOVIMENTOS: 520
[[4, 2, 1], [8, 7, 9], [6, 5, 3]]



MOVIMENTOS: 521
[[4, 2, 1], [8, 7, 3], [6, 5, 9]]



MOVIMENTOS: 522
[[4, 2, 1], [8, 7, 3], [6, 9, 5]]



MOVIMENTOS: 523
[[4, 2, 1], [8, 7, 3], [9, 6, 5]]



MOVIMENTOS: 524
[[4, 2, 1], [8, 9, 3], [6, 7, 5]]



MOVIMENTOS: 525
[[4, 2, 1], [8, 3, 9], [6, 7, 5]]



MOVIMENTOS: 526
[[4, 2, 1], [8, 3, 5], [6, 7, 9]]



MOVIMENTOS: 527
[[4, 2, 1], [8, 3, 5], [6, 9, 7]]



MOVIMENTOS: 528
[[4, 2, 1], [8, 3, 5], [9, 6, 7]]



MOVIMENTOS: 529
[[4, 2, 1], [9, 3, 5], [8, 6, 7]]



MOVIMENTOS: 530
[[4, 2, 1], [3, 9, 5], [8, 6, 7]]



MOVIMENTOS: 531
[[4, 2, 1], [3, 5, 9], [8, 6, 7]]



MOVIMENTOS: 532
[[4, 2, 1], [3, 5, 7], [8, 6, 9]]



MOVIMENTOS: 533
[[4, 2, 1], [3, 5, 7], [8, 9, 6]]



MOVIMENTOS: 534
[[4, 2, 1], [3, 5, 7], [9, 8, 6]]



MOVIMENTOS: 535
[[4, 2, 1], [9, 5, 7], [3, 8, 6]]



MOVIMENTOS: 536
[[4, 2, 1], [5, 9, 7], [3, 8, 6]]



MOVIMENTOS: 537
[[4, 2, 1], [5, 7, 9], [3, 8, 6]]



MOVIMENTOS: 538
[[4, 2, 1], [5, 7, 6], [3, 8, 9]]



MOVIMENTOS: 539
[[4, 2, 9], [5, 7, 1], [3, 8, 6]]



MOVIMENTOS: 540
[[4, 9, 2], [5, 7, 1], [3, 8, 6]]



MOVIMENTOS: 541
[[9, 4, 2], [5, 7, 1], [3, 8, 6]]



MOVIMENTOS: 542
[[5, 4, 2], [9, 7, 1], [3, 8, 6]]



MOVIMENTOS: 543
[[5, 4, 2], [7, 9, 1], [3, 8, 6]]



MOVIMENTOS: 544
[[5, 4, 2], [7, 1, 9], [3, 8, 6]]



MOVIMENTOS: 545
[[5, 4, 2], [7, 1, 6], [3, 8, 9]]



MOVIMENTOS: 546
[[5, 4, 2], [7, 1, 6], [3, 9, 8]]



MOVIMENTOS: 547
[[5, 4, 2], [7, 1, 6], [9, 3, 8]]



MOVIMENTOS: 548
[[5, 4, 2], [9, 1, 6], [7, 3, 8]]



MOVIMENTOS: 549
[[5, 4, 2], [1, 9, 6], [7, 3, 8]]



MOVIMENTOS: 550
[[5, 4, 2], [1, 3, 6], [7, 9, 8]]



MOVIMENTOS: 551
[[5, 4, 2], [1, 3, 6], [7, 8, 9]]



MOVIMENTOS: 552
[[5, 4, 2], [1, 3, 9], [7, 8, 6]]



MOVIMENTOS: 553
[[5, 4, 2], [1, 9, 3], [7, 8, 6]]



MOVIMENTOS: 554
[[5, 9, 2], [1, 4, 3], [7, 8, 6]]



MOVIMENTOS: 555
[[5, 2, 9], [1, 4, 3], [7, 8, 6]]



MOVIMENTOS: 556
[[5, 2, 3], [1, 4, 9], [7, 8, 6]]



MOVIMENTOS: 557
[[5, 2, 3], [1, 4, 6], [7, 8, 9]]



MOVIMENTOS: 558
[[5, 2, 3], [1, 4, 6], [7, 9, 8]]



MOVIMENTOS: 559
[[5, 2, 3], [1, 4, 6], [9, 7, 8]]



MOVIMENTOS: 560
[[5, 2, 3], [9, 4, 6], [1, 7, 8]]



MOVIMENTOS: 561
[[5, 2, 3], [4, 9, 6], [1, 7, 8]]



MOVIMENTOS: 562
[[5, 2, 3], [4, 6, 9], [1, 7, 8]]



MOVIMENTOS: 563
[[5, 2, 3], [4, 6, 8], [1, 7, 9]]



MOVIMENTOS: 564
[[5, 2, 3], [4, 6, 8], [1, 9, 7]]



MOVIMENTOS: 565
[[5, 2, 3], [4, 6, 8], [9, 1, 7]]



MOVIMENTOS: 566
[[5, 2, 3], [9, 6, 8], [4, 1, 7]]



MOVIMENTOS: 567
[[5, 2, 3], [6, 9, 8], [4, 1, 7]]



MOVIMENTOS: 568
[[5, 2, 3], [6, 8, 9], [4, 1, 7]]



MOVIMENTOS: 569
[[5, 2, 3], [6, 8, 7], [4, 1, 9]]



MOVIMENTOS: 570
[[5, 2, 3], [6, 8, 7], [4, 9, 1]]



MOVIMENTOS: 571
[[5, 2, 3], [6, 9, 7], [4, 8, 1]]



MOVIMENTOS: 572
[[5, 2, 3], [6, 7, 9], [4, 8, 1]]



MOVIMENTOS: 573
[[5, 2, 3], [6, 7, 1], [4, 8, 9]]



MOVIMENTOS: 574
[[5, 2, 3], [6, 7, 1], [4, 9, 8]]



MOVIMENTOS: 575
[[5, 2, 3], [6, 9, 1], [4, 7, 8]]



MOVIMENTOS: 576
[[5, 2, 3], [6, 1, 9], [4, 7, 8]]



MOVIMENTOS: 577
[[5, 2, 3], [6, 1, 8], [4, 7, 9]]



MOVIMENTOS: 578
[[5, 2, 9], [6, 1, 3], [4, 7, 8]]



MOVIMENTOS: 579
[[5, 9, 2], [6, 1, 3], [4, 7, 8]]



MOVIMENTOS: 580
[[5, 1, 2], [6, 9, 3], [4, 7, 8]]



MOVIMENTOS: 581
[[5, 1, 2], [6, 3, 9], [4, 7, 8]]



MOVIMENTOS: 582
[[5, 1, 2], [6, 3, 8], [4, 7, 9]]



MOVIMENTOS: 583
[[5, 1, 2], [6, 3, 8], [4, 9, 7]]



MOVIMENTOS: 584
[[5, 1, 2], [6, 3, 8], [9, 4, 7]]



MOVIMENTOS: 585
[[5, 1, 2], [9, 3, 8], [6, 4, 7]]



MOVIMENTOS: 586
[[5, 1, 2], [3, 9, 8], [6, 4, 7]]



MOVIMENTOS: 587
[[5, 1, 2], [3, 8, 9], [6, 4, 7]]



MOVIMENTOS: 588
[[5, 1, 2], [3, 8, 7], [6, 4, 9]]



MOVIMENTOS: 589
[[5, 1, 2], [3, 8, 7], [6, 9, 4]]



MOVIMENTOS: 590
[[5, 1, 2], [3, 8, 7], [9, 6, 4]]



MOVIMENTOS: 591
[[5, 1, 2], [9, 8, 7], [3, 6, 4]]



MOVIMENTOS: 592
[[5, 1, 2], [8, 9, 7], [3, 6, 4]]



MOVIMENTOS: 593
[[5, 1, 2], [8, 7, 9], [3, 6, 4]]



MOVIMENTOS: 594
[[5, 1, 2], [8, 7, 4], [3, 6, 9]]



MOVIMENTOS: 595
[[5, 1, 2], [8, 7, 4], [3, 9, 6]]



MOVIMENTOS: 596
[[5, 1, 2], [8, 7, 4], [9, 3, 6]]



MOVIMENTOS: 597
[[5, 1, 2], [9, 7, 4], [8, 3, 6]]



MOVIMENTOS: 598
[[5, 1, 2], [7, 9, 4], [8, 3, 6]]



MOVIMENTOS: 599
[[5, 1, 2], [7, 4, 9], [8, 3, 6]]



MOVIMENTOS: 600
[[5, 1, 2], [7, 4, 6], [8, 3, 9]]



MOVIMENTOS: 601
[[5, 1, 2], [7, 4, 6], [8, 9, 3]]



MOVIMENTOS: 602
[[5, 1, 2], [7, 4, 6], [9, 8, 3]]



MOVIMENTOS: 603
[[5, 1, 2], [9, 4, 6], [7, 8, 3]]



MOVIMENTOS: 604
[[5, 1, 2], [4, 9, 6], [7, 8, 3]]



MOVIMENTOS: 605
[[5, 1, 2], [4, 6, 9], [7, 8, 3]]



MOVIMENTOS: 606
[[5, 1, 2], [4, 6, 3], [7, 8, 9]]



MOVIMENTOS: 607
[[5, 1, 2], [4, 6, 3], [7, 9, 8]]



MOVIMENTOS: 608
[[5, 1, 2], [4, 6, 3], [9, 7, 8]]



MOVIMENTOS: 609
[[5, 1, 2], [4, 9, 3], [7, 6, 8]]



MOVIMENTOS: 610
[[5, 1, 2], [4, 3, 9], [7, 6, 8]]



MOVIMENTOS: 611
[[5, 1, 2], [4, 3, 8], [7, 6, 9]]



MOVIMENTOS: 612
[[5, 1, 2], [4, 3, 8], [7, 9, 6]]



MOVIMENTOS: 613
[[5, 1, 2], [4, 3, 8], [9, 7, 6]]



MOVIMENTOS: 614
[[5, 1, 2], [9, 3, 8], [4, 7, 6]]



MOVIMENTOS: 615
[[5, 1, 2], [3, 9, 8], [4, 7, 6]]



MOVIMENTOS: 616
[[5, 1, 2], [3, 8, 9], [4, 7, 6]]



MOVIMENTOS: 617
[[5, 1, 2], [3, 8, 6], [4, 7, 9]]



MOVIMENTOS: 618
[[5, 1, 2], [3, 8, 6], [4, 9, 7]]



MOVIMENTOS: 619
[[5, 1, 2], [3, 9, 6], [4, 8, 7]]



MOVIMENTOS: 620
[[5, 1, 2], [3, 6, 9], [4, 8, 7]]



MOVIMENTOS: 621
[[5, 1, 2], [3, 6, 7], [4, 8, 9]]



MOVIMENTOS: 622
[[5, 1, 2], [3, 6, 7], [4, 9, 8]]



MOVIMENTOS: 623
[[5, 1, 2], [3, 6, 7], [9, 4, 8]]



MOVIMENTOS: 624
[[5, 1, 2], [9, 6, 7], [3, 4, 8]]



MOVIMENTOS: 625
[[5, 1, 2], [6, 9, 7], [3, 4, 8]]



MOVIMENTOS: 626
[[5, 1, 2], [6, 7, 9], [3, 4, 8]]



MOVIMENTOS: 627
[[5, 1, 2], [6, 7, 8], [3, 4, 9]]



MOVIMENTOS: 628
[[5, 1, 2], [6, 7, 8], [3, 9, 4]]



MOVIMENTOS: 629
[[5, 1, 2], [6, 7, 8], [9, 3, 4]]



MOVIMENTOS: 630
[[5, 1, 2], [9, 7, 8], [6, 3, 4]]



MOVIMENTOS: 631
[[5, 1, 2], [7, 9, 8], [6, 3, 4]]



MOVIMENTOS: 632
[[5, 1, 2], [7, 8, 9], [6, 3, 4]]



MOVIMENTOS: 633
[[5, 1, 2], [7, 8, 4], [6, 3, 9]]



MOVIMENTOS: 634
[[5, 1, 2], [7, 8, 4], [6, 9, 3]]



MOVIMENTOS: 635
[[5, 1, 2], [7, 8, 4], [9, 6, 3]]



MOVIMENTOS: 636
[[5, 1, 2], [9, 8, 4], [7, 6, 3]]



MOVIMENTOS: 637
[[5, 1, 2], [8, 9, 4], [7, 6, 3]]



MOVIMENTOS: 638
[[5, 1, 2], [8, 4, 9], [7, 6, 3]]



MOVIMENTOS: 639
[[5, 1, 2], [8, 4, 3], [7, 6, 9]]



MOVIMENTOS: 640
[[5, 1, 2], [8, 4, 3], [7, 9, 6]]



MOVIMENTOS: 641
[[5, 1, 2], [8, 4, 3], [9, 7, 6]]



MOVIMENTOS: 642
[[5, 1, 2], [9, 4, 3], [8, 7, 6]]



MOVIMENTOS: 643
[[5, 1, 2], [4, 9, 3], [8, 7, 6]]



MOVIMENTOS: 644
[[5, 1, 2], [4, 3, 9], [8, 7, 6]]



MOVIMENTOS: 645
[[5, 1, 2], [4, 3, 6], [8, 7, 9]]



MOVIMENTOS: 646
[[5, 1, 2], [4, 3, 6], [8, 9, 7]]



MOVIMENTOS: 647
[[5, 1, 2], [4, 3, 6], [9, 8, 7]]



MOVIMENTOS: 648
[[5, 1, 2], [4, 9, 6], [8, 3, 7]]



MOVIMENTOS: 649
[[5, 1, 2], [4, 6, 9], [8, 3, 7]]



MOVIMENTOS: 650
[[5, 1, 2], [4, 6, 7], [8, 3, 9]]



MOVIMENTOS: 651
[[5, 1, 2], [4, 6, 7], [8, 9, 3]]



MOVIMENTOS: 652
[[5, 1, 2], [4, 6, 7], [9, 8, 3]]



MOVIMENTOS: 653
[[5, 1, 2], [9, 6, 7], [4, 8, 3]]



MOVIMENTOS: 654
[[5, 1, 2], [6, 9, 7], [4, 8, 3]]



MOVIMENTOS: 655
[[5, 1, 2], [6, 7, 9], [4, 8, 3]]



MOVIMENTOS: 656
[[5, 1, 2], [6, 7, 3], [4, 8, 9]]



MOVIMENTOS: 657
[[5, 1, 9], [6, 7, 2], [4, 8, 3]]



MOVIMENTOS: 658
[[5, 9, 1], [6, 7, 2], [4, 8, 3]]



MOVIMENTOS: 659
[[9, 5, 1], [6, 7, 2], [4, 8, 3]]



MOVIMENTOS: 660
[[6, 5, 1], [9, 7, 2], [4, 8, 3]]



MOVIMENTOS: 661
[[6, 5, 1], [7, 9, 2], [4, 8, 3]]



MOVIMENTOS: 662
[[6, 5, 1], [7, 2, 9], [4, 8, 3]]



MOVIMENTOS: 663
[[6, 5, 1], [7, 2, 3], [4, 8, 9]]



MOVIMENTOS: 664
[[6, 5, 1], [7, 2, 3], [4, 9, 8]]



MOVIMENTOS: 665
[[6, 5, 1], [7, 2, 3], [9, 4, 8]]



MOVIMENTOS: 666
[[6, 5, 1], [9, 2, 3], [7, 4, 8]]



MOVIMENTOS: 667
[[6, 5, 1], [2, 9, 3], [7, 4, 8]]



MOVIMENTOS: 668
[[6, 5, 1], [2, 4, 3], [7, 9, 8]]



MOVIMENTOS: 669
[[6, 5, 1], [2, 4, 3], [7, 8, 9]]



MOVIMENTOS: 670
[[6, 5, 1], [2, 4, 9], [7, 8, 3]]



MOVIMENTOS: 671
[[6, 5, 1], [2, 9, 4], [7, 8, 3]]



MOVIMENTOS: 672
[[6, 5, 1], [9, 2, 4], [7, 8, 3]]



MOVIMENTOS: 673
[[6, 5, 1], [7, 2, 4], [9, 8, 3]]



MOVIMENTOS: 674
[[6, 5, 1], [7, 2, 4], [8, 9, 3]]



MOVIMENTOS: 675
[[6, 5, 1], [7, 2, 4], [8, 3, 9]]



MOVIMENTOS: 676
[[6, 5, 1], [7, 2, 9], [8, 3, 4]]



MOVIMENTOS: 677
[[6, 5, 1], [7, 9, 2], [8, 3, 4]]



MOVIMENTOS: 678
[[6, 5, 1], [7, 3, 2], [8, 9, 4]]



MOVIMENTOS: 679
[[6, 5, 1], [7, 3, 2], [8, 4, 9]]



MOVIMENTOS: 680
[[6, 5, 1], [7, 3, 9], [8, 4, 2]]



MOVIMENTOS: 681
[[6, 5, 1], [7, 9, 3], [8, 4, 2]]



MOVIMENTOS: 682
[[6, 5, 1], [7, 4, 3], [8, 9, 2]]



MOVIMENTOS: 683
[[6, 5, 1], [7, 4, 3], [8, 2, 9]]



MOVIMENTOS: 684
[[6, 5, 1], [7, 4, 9], [8, 2, 3]]



MOVIMENTOS: 685
[[6, 5, 9], [7, 4, 1], [8, 2, 3]]



MOVIMENTOS: 686
[[6, 9, 5], [7, 4, 1], [8, 2, 3]]



MOVIMENTOS: 687
[[9, 6, 5], [7, 4, 1], [8, 2, 3]]



MOVIMENTOS: 688
[[7, 6, 5], [9, 4, 1], [8, 2, 3]]



MOVIMENTOS: 689
[[7, 6, 5], [4, 9, 1], [8, 2, 3]]



MOVIMENTOS: 690
[[7, 6, 5], [4, 1, 9], [8, 2, 3]]



MOVIMENTOS: 691
[[7, 6, 5], [4, 1, 3], [8, 2, 9]]



MOVIMENTOS: 692
[[7, 6, 5], [4, 1, 3], [8, 9, 2]]



MOVIMENTOS: 693
[[7, 6, 5], [4, 1, 3], [9, 8, 2]]



MOVIMENTOS: 694
[[7, 6, 5], [9, 1, 3], [4, 8, 2]]



MOVIMENTOS: 695
[[7, 6, 5], [1, 9, 3], [4, 8, 2]]



MOVIMENTOS: 696
[[7, 6, 5], [1, 3, 9], [4, 8, 2]]



MOVIMENTOS: 697
[[7, 6, 5], [1, 3, 2], [4, 8, 9]]



MOVIMENTOS: 698
[[7, 6, 5], [1, 3, 2], [4, 9, 8]]



MOVIMENTOS: 699
[[7, 6, 5], [1, 3, 2], [9, 4, 8]]



MOVIMENTOS: 700
[[7, 6, 5], [9, 3, 2], [1, 4, 8]]



MOVIMENTOS: 701
[[7, 6, 5], [3, 9, 2], [1, 4, 8]]



MOVIMENTOS: 702
[[7, 6, 5], [3, 2, 9], [1, 4, 8]]



MOVIMENTOS: 703
[[7, 6, 9], [3, 2, 5], [1, 4, 8]]



MOVIMENTOS: 704
[[7, 9, 6], [3, 2, 5], [1, 4, 8]]



MOVIMENTOS: 705
[[7, 2, 6], [3, 9, 5], [1, 4, 8]]



MOVIMENTOS: 706
[[7, 2, 6], [3, 5, 9], [1, 4, 8]]



MOVIMENTOS: 707
[[7, 2, 9], [3, 5, 6], [1, 4, 8]]



MOVIMENTOS: 708
[[7, 9, 2], [3, 5, 6], [1, 4, 8]]



MOVIMENTOS: 709
[[7, 5, 2], [3, 9, 6], [1, 4, 8]]



MOVIMENTOS: 710
[[7, 5, 2], [3, 4, 6], [1, 9, 8]]



MOVIMENTOS: 711
[[7, 5, 2], [3, 4, 6], [1, 8, 9]]



MOVIMENTOS: 712
[[7, 5, 2], [3, 4, 9], [1, 8, 6]]



MOVIMENTOS: 713
[[7, 5, 2], [3, 9, 4], [1, 8, 6]]



MOVIMENTOS: 714
[[7, 5, 2], [9, 3, 4], [1, 8, 6]]



MOVIMENTOS: 715
[[7, 5, 2], [1, 3, 4], [9, 8, 6]]



MOVIMENTOS: 716
[[7, 5, 2], [1, 3, 4], [8, 9, 6]]



MOVIMENTOS: 717
[[7, 5, 2], [1, 3, 4], [8, 6, 9]]



MOVIMENTOS: 718
[[7, 5, 2], [1, 3, 9], [8, 6, 4]]



MOVIMENTOS: 719
[[7, 5, 2], [1, 9, 3], [8, 6, 4]]



MOVIMENTOS: 720
[[7, 5, 2], [1, 6, 3], [8, 9, 4]]



MOVIMENTOS: 721
[[7, 5, 2], [1, 6, 3], [8, 4, 9]]



MOVIMENTOS: 722
[[7, 5, 2], [1, 6, 9], [8, 4, 3]]



MOVIMENTOS: 723
[[7, 5, 2], [1, 9, 6], [8, 4, 3]]



MOVIMENTOS: 724
[[7, 5, 2], [1, 4, 6], [8, 9, 3]]



MOVIMENTOS: 725
[[7, 5, 2], [1, 4, 6], [8, 3, 9]]



MOVIMENTOS: 726
[[7, 5, 2], [1, 4, 9], [8, 3, 6]]



MOVIMENTOS: 727
[[7, 5, 9], [1, 4, 2], [8, 3, 6]]



MOVIMENTOS: 728
[[7, 9, 5], [1, 4, 2], [8, 3, 6]]



MOVIMENTOS: 729
[[7, 4, 5], [1, 9, 2], [8, 3, 6]]



MOVIMENTOS: 730
[[7, 4, 5], [1, 2, 9], [8, 3, 6]]



MOVIMENTOS: 731
[[7, 4, 5], [1, 2, 6], [8, 3, 9]]



MOVIMENTOS: 732
[[7, 4, 5], [1, 2, 6], [8, 9, 3]]



MOVIMENTOS: 733
[[7, 4, 5], [1, 2, 6], [9, 8, 3]]



MOVIMENTOS: 734
[[7, 4, 5], [9, 2, 6], [1, 8, 3]]



MOVIMENTOS: 735
[[7, 4, 5], [2, 9, 6], [1, 8, 3]]



MOVIMENTOS: 736
[[7, 4, 5], [2, 6, 9], [1, 8, 3]]



MOVIMENTOS: 737
[[7, 4, 5], [2, 6, 3], [1, 8, 9]]



MOVIMENTOS: 738
[[7, 4, 5], [2, 6, 3], [1, 9, 8]]



MOVIMENTOS: 739
[[7, 4, 5], [2, 6, 3], [9, 1, 8]]



MOVIMENTOS: 740
[[7, 4, 5], [9, 6, 3], [2, 1, 8]]



MOVIMENTOS: 741
[[7, 4, 5], [6, 9, 3], [2, 1, 8]]



MOVIMENTOS: 742
[[7, 4, 5], [6, 1, 3], [2, 9, 8]]



MOVIMENTOS: 743
[[7, 4, 5], [6, 1, 3], [2, 8, 9]]



MOVIMENTOS: 744
[[7, 4, 5], [6, 1, 9], [2, 8, 3]]



MOVIMENTOS: 745
[[7, 4, 9], [6, 1, 5], [2, 8, 3]]



MOVIMENTOS: 746
[[7, 9, 4], [6, 1, 5], [2, 8, 3]]



MOVIMENTOS: 747
[[7, 1, 4], [6, 9, 5], [2, 8, 3]]



MOVIMENTOS: 748
[[7, 1, 4], [6, 5, 9], [2, 8, 3]]



MOVIMENTOS: 749
[[7, 1, 4], [6, 5, 3], [2, 8, 9]]



MOVIMENTOS: 750
[[7, 1, 4], [6, 5, 3], [2, 9, 8]]



MOVIMENTOS: 751
[[7, 1, 4], [6, 5, 3], [9, 2, 8]]



MOVIMENTOS: 752
[[7, 1, 4], [9, 5, 3], [6, 2, 8]]



MOVIMENTOS: 753
[[7, 1, 4], [5, 9, 3], [6, 2, 8]]



MOVIMENTOS: 754
[[7, 1, 4], [5, 2, 3], [6, 9, 8]]



MOVIMENTOS: 755
[[7, 1, 4], [5, 2, 3], [6, 8, 9]]



MOVIMENTOS: 756
[[7, 1, 4], [5, 2, 9], [6, 8, 3]]



MOVIMENTOS: 757
[[7, 1, 9], [5, 2, 4], [6, 8, 3]]



MOVIMENTOS: 758
[[7, 9, 1], [5, 2, 4], [6, 8, 3]]



MOVIMENTOS: 759
[[7, 2, 1], [5, 9, 4], [6, 8, 3]]



MOVIMENTOS: 760
[[7, 2, 1], [5, 4, 9], [6, 8, 3]]



MOVIMENTOS: 761
[[7, 2, 1], [5, 4, 3], [6, 8, 9]]



MOVIMENTOS: 762
[[7, 2, 1], [5, 4, 3], [6, 9, 8]]



MOVIMENTOS: 763
[[7, 2, 1], [5, 4, 3], [9, 6, 8]]



MOVIMENTOS: 764
[[7, 2, 1], [9, 4, 3], [5, 6, 8]]



MOVIMENTOS: 765
[[7, 2, 1], [4, 9, 3], [5, 6, 8]]



MOVIMENTOS: 766
[[7, 2, 1], [4, 6, 3], [5, 9, 8]]



MOVIMENTOS: 767
[[7, 2, 1], [4, 6, 3], [5, 8, 9]]



MOVIMENTOS: 768
[[7, 2, 1], [4, 6, 9], [5, 8, 3]]



MOVIMENTOS: 769
[[7, 2, 1], [4, 9, 6], [5, 8, 3]]



MOVIMENTOS: 770
[[7, 2, 1], [4, 8, 6], [5, 9, 3]]



MOVIMENTOS: 771
[[7, 2, 1], [4, 8, 6], [5, 3, 9]]



MOVIMENTOS: 772
[[7, 2, 1], [4, 8, 9], [5, 3, 6]]



MOVIMENTOS: 773
[[7, 2, 1], [4, 9, 8], [5, 3, 6]]



MOVIMENTOS: 774
[[7, 2, 1], [4, 3, 8], [5, 9, 6]]



MOVIMENTOS: 775
[[7, 2, 1], [4, 3, 8], [5, 6, 9]]



MOVIMENTOS: 776
[[7, 2, 1], [4, 3, 8], [9, 5, 6]]



MOVIMENTOS: 777
[[7, 2, 1], [9, 3, 8], [4, 5, 6]]



MOVIMENTOS: 778
[[7, 2, 1], [3, 9, 8], [4, 5, 6]]



MOVIMENTOS: 779
[[7, 2, 1], [3, 8, 9], [4, 5, 6]]



MOVIMENTOS: 780
[[7, 2, 1], [3, 8, 6], [4, 5, 9]]



MOVIMENTOS: 781
[[7, 2, 1], [3, 8, 6], [4, 9, 5]]



MOVIMENTOS: 782
[[7, 2, 1], [3, 9, 6], [4, 8, 5]]



MOVIMENTOS: 783
[[7, 2, 1], [3, 6, 9], [4, 8, 5]]



MOVIMENTOS: 784
[[7, 2, 1], [3, 6, 5], [4, 8, 9]]



MOVIMENTOS: 785
[[7, 2, 1], [3, 6, 5], [4, 9, 8]]



MOVIMENTOS: 786
[[7, 2, 1], [3, 6, 5], [9, 4, 8]]



MOVIMENTOS: 787
[[7, 2, 1], [9, 6, 5], [3, 4, 8]]



MOVIMENTOS: 788
[[7, 2, 1], [6, 9, 5], [3, 4, 8]]



MOVIMENTOS: 789
[[7, 2, 1], [6, 5, 9], [3, 4, 8]]



MOVIMENTOS: 790
[[7, 2, 1], [6, 5, 8], [3, 4, 9]]



MOVIMENTOS: 791
[[7, 2, 1], [6, 5, 8], [3, 9, 4]]



MOVIMENTOS: 792
[[7, 2, 1], [6, 5, 8], [9, 3, 4]]



MOVIMENTOS: 793
[[7, 2, 1], [9, 5, 8], [6, 3, 4]]



MOVIMENTOS: 794
[[7, 2, 1], [5, 9, 8], [6, 3, 4]]



MOVIMENTOS: 795
[[7, 2, 1], [5, 8, 9], [6, 3, 4]]



MOVIMENTOS: 796
[[7, 2, 1], [5, 8, 4], [6, 3, 9]]



MOVIMENTOS: 797
[[7, 2, 9], [5, 8, 1], [6, 3, 4]]



MOVIMENTOS: 798
[[7, 9, 2], [5, 8, 1], [6, 3, 4]]



MOVIMENTOS: 799
[[7, 8, 2], [5, 9, 1], [6, 3, 4]]



MOVIMENTOS: 800
[[7, 8, 2], [5, 1, 9], [6, 3, 4]]



MOVIMENTOS: 801
[[7, 8, 2], [5, 1, 4], [6, 3, 9]]



MOVIMENTOS: 802
[[7, 8, 2], [5, 1, 4], [6, 9, 3]]



MOVIMENTOS: 803
[[7, 8, 2], [5, 1, 4], [9, 6, 3]]



MOVIMENTOS: 804
[[7, 8, 2], [9, 1, 4], [5, 6, 3]]



MOVIMENTOS: 805
[[7, 8, 2], [1, 9, 4], [5, 6, 3]]



MOVIMENTOS: 806
[[7, 8, 2], [1, 4, 9], [5, 6, 3]]



MOVIMENTOS: 807
[[7, 8, 2], [1, 4, 3], [5, 6, 9]]



MOVIMENTOS: 808
[[7, 8, 2], [1, 4, 3], [5, 9, 6]]



MOVIMENTOS: 809
[[7, 8, 2], [1, 4, 3], [9, 5, 6]]



MOVIMENTOS: 810
[[7, 8, 2], [9, 4, 3], [1, 5, 6]]



MOVIMENTOS: 811
[[7, 8, 2], [4, 9, 3], [1, 5, 6]]



MOVIMENTOS: 812
[[7, 8, 2], [4, 5, 3], [1, 9, 6]]



MOVIMENTOS: 813
[[7, 8, 2], [4, 5, 3], [1, 6, 9]]



MOVIMENTOS: 814
[[7, 8, 2], [4, 5, 9], [1, 6, 3]]



MOVIMENTOS: 815
[[7, 8, 2], [4, 9, 5], [1, 6, 3]]



MOVIMENTOS: 816
[[7, 8, 2], [4, 6, 5], [1, 9, 3]]



MOVIMENTOS: 817
[[7, 8, 2], [4, 6, 5], [1, 3, 9]]



MOVIMENTOS: 818
[[7, 8, 2], [4, 6, 9], [1, 3, 5]]



MOVIMENTOS: 819
[[7, 8, 2], [4, 9, 6], [1, 3, 5]]



MOVIMENTOS: 820
[[7, 8, 2], [4, 3, 6], [1, 9, 5]]



MOVIMENTOS: 821
[[7, 8, 2], [4, 3, 6], [1, 5, 9]]



MOVIMENTOS: 822
[[7, 8, 2], [4, 3, 6], [9, 1, 5]]



MOVIMENTOS: 823
[[7, 8, 2], [9, 3, 6], [4, 1, 5]]



MOVIMENTOS: 824
[[7, 8, 2], [3, 9, 6], [4, 1, 5]]



MOVIMENTOS: 825
[[7, 8, 2], [3, 1, 6], [4, 9, 5]]



MOVIMENTOS: 826
[[7, 8, 2], [3, 1, 6], [4, 5, 9]]



MOVIMENTOS: 827
[[7, 8, 2], [3, 1, 9], [4, 5, 6]]



MOVIMENTOS: 828
[[7, 8, 2], [3, 9, 1], [4, 5, 6]]



MOVIMENTOS: 829
[[7, 8, 2], [3, 5, 1], [4, 9, 6]]



MOVIMENTOS: 830
[[7, 8, 2], [3, 5, 1], [4, 6, 9]]



MOVIMENTOS: 831
[[7, 8, 2], [3, 5, 9], [4, 6, 1]]



MOVIMENTOS: 832
[[7, 8, 2], [3, 9, 5], [4, 6, 1]]



MOVIMENTOS: 833
[[7, 8, 2], [3, 6, 5], [4, 9, 1]]



MOVIMENTOS: 834
[[7, 8, 2], [3, 6, 5], [4, 1, 9]]



MOVIMENTOS: 835
[[7, 8, 2], [3, 6, 5], [9, 4, 1]]



MOVIMENTOS: 836
[[7, 8, 2], [9, 6, 5], [3, 4, 1]]



MOVIMENTOS: 837
[[7, 8, 2], [6, 9, 5], [3, 4, 1]]



MOVIMENTOS: 838
[[7, 8, 2], [6, 5, 9], [3, 4, 1]]



MOVIMENTOS: 839
[[7, 8, 2], [6, 5, 1], [3, 4, 9]]



MOVIMENTOS: 840
[[7, 8, 2], [6, 5, 1], [3, 9, 4]]



MOVIMENTOS: 841
[[7, 8, 2], [6, 5, 1], [9, 3, 4]]



MOVIMENTOS: 842
[[7, 8, 2], [6, 9, 1], [3, 5, 4]]



MOVIMENTOS: 843
[[7, 8, 2], [6, 1, 9], [3, 5, 4]]



MOVIMENTOS: 844
[[7, 8, 2], [6, 1, 4], [3, 5, 9]]



MOVIMENTOS: 845
[[7, 8, 2], [6, 1, 4], [3, 9, 5]]



MOVIMENTOS: 846
[[7, 8, 2], [6, 1, 4], [9, 3, 5]]



MOVIMENTOS: 847
[[7, 8, 2], [9, 1, 4], [6, 3, 5]]



MOVIMENTOS: 848
[[7, 8, 2], [1, 9, 4], [6, 3, 5]]



MOVIMENTOS: 849
[[7, 8, 2], [1, 4, 9], [6, 3, 5]]



MOVIMENTOS: 850
[[7, 8, 2], [1, 4, 5], [6, 3, 9]]



MOVIMENTOS: 851
[[7, 8, 2], [1, 4, 5], [6, 9, 3]]



MOVIMENTOS: 852
[[7, 8, 2], [1, 4, 5], [9, 6, 3]]



MOVIMENTOS: 853
[[7, 8, 2], [1, 9, 5], [6, 4, 3]]



MOVIMENTOS: 854
[[7, 8, 2], [1, 5, 9], [6, 4, 3]]



MOVIMENTOS: 855
[[7, 8, 2], [1, 5, 3], [6, 4, 9]]



MOVIMENTOS: 856
[[7, 8, 2], [1, 5, 3], [6, 9, 4]]



MOVIMENTOS: 857
[[7, 8, 2], [1, 5, 3], [9, 6, 4]]



MOVIMENTOS: 858
[[7, 8, 2], [9, 5, 3], [1, 6, 4]]



MOVIMENTOS: 859
[[7, 8, 2], [5, 9, 3], [1, 6, 4]]



MOVIMENTOS: 860
[[7, 8, 2], [5, 6, 3], [1, 9, 4]]



MOVIMENTOS: 861
[[7, 8, 2], [5, 6, 3], [1, 4, 9]]



MOVIMENTOS: 862
[[7, 8, 2], [5, 6, 9], [1, 4, 3]]



MOVIMENTOS: 863
[[7, 8, 2], [5, 9, 6], [1, 4, 3]]



MOVIMENTOS: 864
[[7, 8, 2], [5, 4, 6], [1, 9, 3]]



MOVIMENTOS: 865
[[7, 8, 2], [5, 4, 6], [1, 3, 9]]



MOVIMENTOS: 866
[[7, 8, 2], [5, 4, 9], [1, 3, 6]]



MOVIMENTOS: 867
[[7, 8, 2], [5, 9, 4], [1, 3, 6]]



MOVIMENTOS: 868
[[7, 8, 2], [5, 3, 4], [1, 9, 6]]



MOVIMENTOS: 869
[[7, 8, 2], [5, 3, 4], [1, 6, 9]]



MOVIMENTOS: 870
[[7, 8, 2], [5, 3, 4], [9, 1, 6]]



MOVIMENTOS: 871
[[7, 8, 2], [9, 3, 4], [5, 1, 6]]



MOVIMENTOS: 872
[[7, 8, 2], [3, 9, 4], [5, 1, 6]]



MOVIMENTOS: 873
[[7, 8, 2], [3, 4, 9], [5, 1, 6]]



MOVIMENTOS: 874
[[7, 8, 2], [3, 4, 6], [5, 1, 9]]



MOVIMENTOS: 875
[[7, 8, 2], [3, 4, 6], [5, 9, 1]]



MOVIMENTOS: 876
[[7, 8, 2], [3, 4, 6], [9, 5, 1]]



MOVIMENTOS: 877
[[7, 8, 2], [9, 4, 6], [3, 5, 1]]



MOVIMENTOS: 878
[[7, 8, 2], [4, 9, 6], [3, 5, 1]]



MOVIMENTOS: 879
[[7, 8, 2], [4, 5, 6], [3, 9, 1]]



MOVIMENTOS: 880
[[7, 8, 2], [4, 5, 6], [3, 1, 9]]



MOVIMENTOS: 881
[[7, 8, 2], [4, 5, 9], [3, 1, 6]]



MOVIMENTOS: 882
[[7, 8, 2], [4, 9, 5], [3, 1, 6]]



MOVIMENTOS: 883
[[7, 8, 2], [4, 1, 5], [3, 9, 6]]



MOVIMENTOS: 884
[[7, 8, 2], [4, 1, 5], [3, 6, 9]]



MOVIMENTOS: 885
[[7, 8, 2], [4, 1, 9], [3, 6, 5]]



MOVIMENTOS: 886
[[7, 8, 2], [4, 9, 1], [3, 6, 5]]



MOVIMENTOS: 887
[[7, 8, 2], [4, 6, 1], [3, 9, 5]]



MOVIMENTOS: 888
[[7, 8, 2], [4, 6, 1], [3, 5, 9]]



MOVIMENTOS: 889
[[7, 8, 2], [4, 6, 1], [9, 3, 5]]



MOVIMENTOS: 890
[[7, 8, 2], [9, 6, 1], [4, 3, 5]]



MOVIMENTOS: 891
[[7, 8, 2], [6, 9, 1], [4, 3, 5]]



MOVIMENTOS: 892
[[7, 8, 2], [6, 1, 9], [4, 3, 5]]



MOVIMENTOS: 893
[[7, 8, 2], [6, 1, 5], [4, 3, 9]]



MOVIMENTOS: 894
[[7, 8, 2], [6, 1, 5], [4, 9, 3]]



MOVIMENTOS: 895
[[7, 8, 2], [6, 1, 5], [9, 4, 3]]



MOVIMENTOS: 896
[[7, 8, 2], [6, 9, 5], [4, 1, 3]]



MOVIMENTOS: 897
[[7, 8, 2], [6, 5, 9], [4, 1, 3]]



MOVIMENTOS: 898
[[7, 8, 2], [6, 5, 3], [4, 1, 9]]



MOVIMENTOS: 899
[[7, 8, 2], [6, 5, 3], [4, 9, 1]]



MOVIMENTOS: 900
[[7, 8, 2], [6, 5, 3], [9, 4, 1]]



MOVIMENTOS: 901
[[7, 8, 2], [9, 5, 3], [6, 4, 1]]



MOVIMENTOS: 902
[[7, 8, 2], [5, 9, 3], [6, 4, 1]]



MOVIMENTOS: 903
[[7, 8, 2], [5, 4, 3], [6, 9, 1]]



MOVIMENTOS: 904
[[7, 8, 2], [5, 4, 3], [6, 1, 9]]



MOVIMENTOS: 905
[[7, 8, 2], [5, 4, 9], [6, 1, 3]]



MOVIMENTOS: 906
[[7, 8, 9], [5, 4, 2], [6, 1, 3]]



MOVIMENTOS: 907
[[7, 9, 8], [5, 4, 2], [6, 1, 3]]



MOVIMENTOS: 908
[[7, 4, 8], [5, 9, 2], [6, 1, 3]]



MOVIMENTOS: 909
[[7, 4, 8], [5, 2, 9], [6, 1, 3]]



MOVIMENTOS: 910
[[7, 4, 8], [5, 2, 3], [6, 1, 9]]



MOVIMENTOS: 911
[[7, 4, 8], [5, 2, 3], [6, 9, 1]]



MOVIMENTOS: 912
[[7, 4, 8], [5, 2, 3], [9, 6, 1]]



MOVIMENTOS: 913
[[7, 4, 8], [9, 2, 3], [5, 6, 1]]



MOVIMENTOS: 914
[[7, 4, 8], [2, 9, 3], [5, 6, 1]]



MOVIMENTOS: 915
[[7, 4, 8], [2, 6, 3], [5, 9, 1]]



MOVIMENTOS: 916
[[7, 4, 8], [2, 6, 3], [5, 1, 9]]



MOVIMENTOS: 917
[[7, 4, 8], [2, 6, 9], [5, 1, 3]]



MOVIMENTOS: 918
[[7, 4, 8], [2, 9, 6], [5, 1, 3]]



MOVIMENTOS: 919
[[7, 4, 8], [2, 1, 6], [5, 9, 3]]



MOVIMENTOS: 920
[[7, 4, 8], [2, 1, 6], [5, 3, 9]]



MOVIMENTOS: 921
[[7, 4, 8], [2, 1, 9], [5, 3, 6]]



MOVIMENTOS: 922
[[7, 4, 9], [2, 1, 8], [5, 3, 6]]



MOVIMENTOS: 923
[[7, 9, 4], [2, 1, 8], [5, 3, 6]]



MOVIMENTOS: 924
[[7, 1, 4], [2, 9, 8], [5, 3, 6]]



MOVIMENTOS: 925
[[7, 1, 4], [2, 8, 9], [5, 3, 6]]



MOVIMENTOS: 926
[[7, 1, 4], [2, 8, 6], [5, 3, 9]]



MOVIMENTOS: 927
[[7, 1, 4], [2, 8, 6], [5, 9, 3]]



MOVIMENTOS: 928
[[7, 1, 4], [2, 8, 6], [9, 5, 3]]



MOVIMENTOS: 929
[[7, 1, 4], [9, 8, 6], [2, 5, 3]]



MOVIMENTOS: 930
[[7, 1, 4], [8, 9, 6], [2, 5, 3]]



MOVIMENTOS: 931
[[7, 1, 4], [8, 5, 6], [2, 9, 3]]



MOVIMENTOS: 932
[[7, 1, 4], [8, 5, 6], [2, 3, 9]]



MOVIMENTOS: 933
[[7, 1, 4], [8, 5, 9], [2, 3, 6]]



MOVIMENTOS: 934
[[7, 1, 9], [8, 5, 4], [2, 3, 6]]



MOVIMENTOS: 935
[[7, 9, 1], [8, 5, 4], [2, 3, 6]]



MOVIMENTOS: 936
[[7, 5, 1], [8, 9, 4], [2, 3, 6]]



MOVIMENTOS: 937
[[7, 5, 1], [8, 4, 9], [2, 3, 6]]



MOVIMENTOS: 938
[[7, 5, 1], [8, 4, 6], [2, 3, 9]]



MOVIMENTOS: 939
[[7, 5, 1], [8, 4, 6], [2, 9, 3]]



MOVIMENTOS: 940
[[7, 5, 1], [8, 4, 6], [9, 2, 3]]



MOVIMENTOS: 941
[[7, 5, 1], [9, 4, 6], [8, 2, 3]]



MOVIMENTOS: 942
[[7, 5, 1], [4, 9, 6], [8, 2, 3]]



MOVIMENTOS: 943
[[7, 5, 1], [4, 2, 6], [8, 9, 3]]



MOVIMENTOS: 944
[[7, 5, 1], [4, 2, 6], [8, 3, 9]]



MOVIMENTOS: 945
[[7, 5, 1], [4, 2, 9], [8, 3, 6]]



MOVIMENTOS: 946
[[7, 5, 1], [4, 9, 2], [8, 3, 6]]



MOVIMENTOS: 947
[[7, 5, 1], [4, 3, 2], [8, 9, 6]]



MOVIMENTOS: 948
[[7, 5, 1], [4, 3, 2], [8, 6, 9]]



MOVIMENTOS: 949
[[7, 5, 1], [4, 3, 9], [8, 6, 2]]



MOVIMENTOS: 950
[[7, 5, 1], [4, 9, 3], [8, 6, 2]]



MOVIMENTOS: 951
[[7, 5, 1], [4, 6, 3], [8, 9, 2]]



MOVIMENTOS: 952
[[7, 5, 1], [4, 6, 3], [8, 2, 9]]



MOVIMENTOS: 953
[[7, 5, 1], [4, 6, 3], [9, 8, 2]]



MOVIMENTOS: 954
[[7, 5, 1], [9, 6, 3], [4, 8, 2]]



MOVIMENTOS: 955
[[7, 5, 1], [6, 9, 3], [4, 8, 2]]



MOVIMENTOS: 956
[[7, 5, 1], [6, 3, 9], [4, 8, 2]]



MOVIMENTOS: 957
[[7, 5, 1], [6, 3, 2], [4, 8, 9]]



MOVIMENTOS: 958
[[7, 5, 1], [6, 3, 2], [4, 9, 8]]



MOVIMENTOS: 959
[[7, 5, 1], [6, 3, 2], [9, 4, 8]]



MOVIMENTOS: 960
[[7, 5, 1], [9, 3, 2], [6, 4, 8]]



MOVIMENTOS: 961
[[7, 5, 1], [3, 9, 2], [6, 4, 8]]



MOVIMENTOS: 962
[[7, 5, 1], [3, 2, 9], [6, 4, 8]]



MOVIMENTOS: 963
[[7, 5, 1], [3, 2, 8], [6, 4, 9]]



MOVIMENTOS: 964
[[7, 5, 1], [3, 2, 8], [6, 9, 4]]



MOVIMENTOS: 965
[[7, 5, 1], [3, 2, 8], [9, 6, 4]]



MOVIMENTOS: 966
[[7, 5, 1], [9, 2, 8], [3, 6, 4]]



MOVIMENTOS: 967
[[7, 5, 1], [2, 9, 8], [3, 6, 4]]



MOVIMENTOS: 968
[[7, 5, 1], [2, 8, 9], [3, 6, 4]]



MOVIMENTOS: 969
[[7, 5, 1], [2, 8, 4], [3, 6, 9]]



MOVIMENTOS: 970
[[7, 5, 1], [2, 8, 4], [3, 9, 6]]



MOVIMENTOS: 971
[[7, 5, 1], [2, 8, 4], [9, 3, 6]]



MOVIMENTOS: 972
[[7, 5, 1], [2, 9, 4], [3, 8, 6]]



MOVIMENTOS: 973
[[7, 5, 1], [2, 4, 9], [3, 8, 6]]



MOVIMENTOS: 974
[[7, 5, 1], [2, 4, 6], [3, 8, 9]]



MOVIMENTOS: 975
[[7, 5, 1], [2, 4, 6], [3, 9, 8]]



MOVIMENTOS: 976
[[7, 5, 1], [2, 4, 6], [9, 3, 8]]



MOVIMENTOS: 977
[[7, 5, 1], [9, 4, 6], [2, 3, 8]]



MOVIMENTOS: 978
[[7, 5, 1], [4, 9, 6], [2, 3, 8]]



MOVIMENTOS: 979
[[7, 5, 1], [4, 3, 6], [2, 9, 8]]



MOVIMENTOS: 980
[[7, 5, 1], [4, 3, 6], [2, 8, 9]]



MOVIMENTOS: 981
[[7, 5, 1], [4, 3, 9], [2, 8, 6]]



MOVIMENTOS: 982
[[7, 5, 1], [4, 9, 3], [2, 8, 6]]



MOVIMENTOS: 983
[[7, 9, 1], [4, 5, 3], [2, 8, 6]]



MOVIMENTOS: 984
[[7, 1, 9], [4, 5, 3], [2, 8, 6]]



MOVIMENTOS: 985
[[7, 1, 3], [4, 5, 9], [2, 8, 6]]



MOVIMENTOS: 986
[[7, 1, 3], [4, 5, 6], [2, 8, 9]]



MOVIMENTOS: 987
[[7, 1, 3], [4, 5, 6], [2, 9, 8]]



MOVIMENTOS: 988
[[7, 1, 3], [4, 5, 6], [9, 2, 8]]



MOVIMENTOS: 989
[[7, 1, 3], [9, 5, 6], [4, 2, 8]]



MOVIMENTOS: 990
[[7, 1, 3], [5, 9, 6], [4, 2, 8]]



MOVIMENTOS: 991
[[7, 1, 3], [5, 2, 6], [4, 9, 8]]



MOVIMENTOS: 992
[[7, 1, 3], [5, 2, 6], [4, 8, 9]]



MOVIMENTOS: 993
[[7, 1, 3], [5, 2, 9], [4, 8, 6]]



MOVIMENTOS: 994
[[7, 1, 3], [5, 9, 2], [4, 8, 6]]



MOVIMENTOS: 995
[[7, 1, 3], [9, 5, 2], [4, 8, 6]]



MOVIMENTOS: 996
[[7, 1, 3], [4, 5, 2], [9, 8, 6]]



MOVIMENTOS: 997
[[7, 1, 3], [4, 5, 2], [8, 9, 6]]



MOVIMENTOS: 998
[[7, 1, 3], [4, 5, 2], [8, 6, 9]]



MOVIMENTOS: 999
[[7, 1, 3], [4, 5, 9], [8, 6, 2]]



MOVIMENTOS: 1000
[[7, 1, 3], [4, 9, 5], [8, 6, 2]]



MOVIMENTOS: 1001
[[7, 1, 3], [4, 6, 5], [8, 9, 2]]



MOVIMENTOS: 1002
[[7, 1, 3], [4, 6, 5], [8, 2, 9]]



MOVIMENTOS: 1003
[[7, 1, 3], [4, 6, 9], [8, 2, 5]]



MOVIMENTOS: 1004
[[7, 1, 3], [4, 9, 6], [8, 2, 5]]



MOVIMENTOS: 1005
[[7, 1, 3], [4, 2, 6], [8, 9, 5]]



MOVIMENTOS: 1006
[[7, 1, 3], [4, 2, 6], [8, 5, 9]]



MOVIMENTOS: 1007
[[7, 1, 3], [4, 2, 9], [8, 5, 6]]



MOVIMENTOS: 1008
[[7, 1, 9], [4, 2, 3], [8, 5, 6]]



MOVIMENTOS: 1009
[[7, 9, 1], [4, 2, 3], [8, 5, 6]]



MOVIMENTOS: 1010
[[7, 2, 1], [4, 9, 3], [8, 5, 6]]



MOVIMENTOS: 1011
[[7, 2, 1], [4, 5, 3], [8, 9, 6]]



MOVIMENTOS: 1012
[[7, 2, 1], [4, 5, 3], [8, 6, 9]]



MOVIMENTOS: 1013
[[7, 2, 1], [4, 5, 9], [8, 6, 3]]



MOVIMENTOS: 1014
[[7, 2, 1], [4, 9, 5], [8, 6, 3]]



MOVIMENTOS: 1015
[[7, 2, 1], [4, 6, 5], [8, 9, 3]]



MOVIMENTOS: 1016
[[7, 2, 1], [4, 6, 5], [8, 3, 9]]



MOVIMENTOS: 1017
[[7, 2, 1], [4, 6, 9], [8, 3, 5]]



MOVIMENTOS: 1018
[[7, 2, 1], [4, 9, 6], [8, 3, 5]]



MOVIMENTOS: 1019
[[7, 2, 1], [4, 3, 6], [8, 9, 5]]



MOVIMENTOS: 1020
[[7, 2, 1], [4, 3, 6], [8, 5, 9]]



MOVIMENTOS: 1021
[[7, 2, 1], [4, 3, 6], [9, 8, 5]]



MOVIMENTOS: 1022
[[7, 2, 1], [9, 4, 6], [8, 3, 5]]



MOVIMENTOS: 1023
[[7, 2, 1], [8, 4, 6], [9, 3, 5]]



MOVIMENTOS: 1024
[[7, 2, 1], [8, 4, 6], [3, 9, 5]]



MOVIMENTOS: 1025
[[7, 2, 1], [8, 4, 6], [3, 5, 9]]



MOVIMENTOS: 1026
[[7, 2, 1], [8, 4, 9], [3, 5, 6]]



MOVIMENTOS: 1027
[[7, 2, 1], [8, 9, 4], [3, 5, 6]]



MOVIMENTOS: 1028
[[7, 2, 1], [8, 5, 4], [3, 9, 6]]



MOVIMENTOS: 1029
[[7, 2, 1], [8, 5, 4], [3, 6, 9]]



MOVIMENTOS: 1030
[[7, 2, 1], [8, 5, 9], [3, 6, 4]]



MOVIMENTOS: 1031
[[7, 2, 1], [8, 9, 5], [3, 6, 4]]



MOVIMENTOS: 1032
[[7, 2, 1], [8, 6, 5], [3, 9, 4]]



MOVIMENTOS: 1033
[[7, 2, 1], [8, 6, 5], [3, 4, 9]]



MOVIMENTOS: 1034
[[7, 2, 1], [8, 6, 9], [3, 4, 5]]



MOVIMENTOS: 1035
[[7, 2, 9], [8, 6, 1], [3, 4, 5]]



MOVIMENTOS: 1036
[[7, 9, 2], [8, 6, 1], [3, 4, 5]]



MOVIMENTOS: 1037
[[7, 6, 2], [8, 9, 1], [3, 4, 5]]



MOVIMENTOS: 1038
[[7, 6, 2], [8, 1, 9], [3, 4, 5]]



MOVIMENTOS: 1039
[[7, 6, 2], [8, 1, 5], [3, 4, 9]]



MOVIMENTOS: 1040
[[7, 6, 2], [8, 1, 5], [3, 9, 4]]



MOVIMENTOS: 1041
[[7, 6, 2], [8, 1, 5], [9, 3, 4]]



MOVIMENTOS: 1042
[[7, 6, 2], [9, 1, 5], [8, 3, 4]]



MOVIMENTOS: 1043
[[7, 6, 2], [1, 9, 5], [8, 3, 4]]



MOVIMENTOS: 1044
[[7, 6, 2], [1, 5, 9], [8, 3, 4]]



MOVIMENTOS: 1045
[[7, 6, 2], [1, 5, 4], [8, 3, 9]]



MOVIMENTOS: 1046
[[7, 6, 2], [1, 5, 4], [8, 9, 3]]



MOVIMENTOS: 1047
[[7, 6, 2], [1, 5, 4], [9, 8, 3]]



MOVIMENTOS: 1048
[[7, 6, 2], [9, 5, 4], [1, 8, 3]]



MOVIMENTOS: 1049
[[7, 6, 2], [5, 9, 4], [1, 8, 3]]



MOVIMENTOS: 1050
[[7, 6, 2], [5, 4, 9], [1, 8, 3]]



MOVIMENTOS: 1051
[[7, 6, 2], [5, 4, 3], [1, 8, 9]]



MOVIMENTOS: 1052
[[7, 6, 2], [5, 4, 3], [1, 9, 8]]



MOVIMENTOS: 1053
[[7, 6, 2], [5, 4, 3], [9, 1, 8]]



MOVIMENTOS: 1054
[[7, 6, 2], [9, 4, 3], [5, 1, 8]]



MOVIMENTOS: 1055
[[7, 6, 2], [4, 9, 3], [5, 1, 8]]



MOVIMENTOS: 1056
[[7, 6, 2], [4, 1, 3], [5, 9, 8]]



MOVIMENTOS: 1057
[[7, 6, 2], [4, 1, 3], [5, 8, 9]]



MOVIMENTOS: 1058
[[7, 6, 2], [4, 1, 9], [5, 8, 3]]



MOVIMENTOS: 1059
[[7, 6, 2], [4, 9, 1], [5, 8, 3]]



MOVIMENTOS: 1060
[[7, 9, 2], [4, 6, 1], [5, 8, 3]]



MOVIMENTOS: 1061
[[9, 7, 2], [4, 6, 1], [5, 8, 3]]



MOVIMENTOS: 1062
[[4, 7, 2], [9, 6, 1], [5, 8, 3]]



MOVIMENTOS: 1063
[[4, 7, 2], [5, 6, 1], [9, 8, 3]]



MOVIMENTOS: 1064
[[4, 7, 2], [5, 6, 1], [8, 9, 3]]



MOVIMENTOS: 1065
[[4, 7, 2], [5, 6, 1], [8, 3, 9]]



MOVIMENTOS: 1066
[[4, 7, 2], [5, 6, 9], [8, 3, 1]]



MOVIMENTOS: 1067
[[4, 7, 2], [5, 9, 6], [8, 3, 1]]



MOVIMENTOS: 1068
[[4, 7, 2], [5, 3, 6], [8, 9, 1]]



MOVIMENTOS: 1069
[[4, 7, 2], [5, 3, 6], [8, 1, 9]]



MOVIMENTOS: 1070
[[4, 7, 2], [5, 3, 9], [8, 1, 6]]



MOVIMENTOS: 1071
[[4, 7, 2], [5, 9, 3], [8, 1, 6]]



MOVIMENTOS: 1072
[[4, 7, 2], [5, 1, 3], [8, 9, 6]]



MOVIMENTOS: 1073
[[4, 7, 2], [5, 1, 3], [8, 6, 9]]



MOVIMENTOS: 1074
[[4, 7, 2], [5, 1, 9], [8, 6, 3]]



MOVIMENTOS: 1075
[[4, 7, 9], [5, 1, 2], [8, 6, 3]]



MOVIMENTOS: 1076
[[4, 9, 7], [5, 1, 2], [8, 6, 3]]



MOVIMENTOS: 1077
[[4, 1, 7], [5, 9, 2], [8, 6, 3]]



MOVIMENTOS: 1078
[[4, 1, 7], [5, 2, 9], [8, 6, 3]]



MOVIMENTOS: 1079
[[4, 1, 7], [5, 2, 3], [8, 6, 9]]



MOVIMENTOS: 1080
[[4, 1, 7], [5, 2, 3], [8, 9, 6]]



MOVIMENTOS: 1081
[[4, 1, 7], [5, 2, 3], [9, 8, 6]]



MOVIMENTOS: 1082
[[4, 1, 7], [9, 2, 3], [5, 8, 6]]



MOVIMENTOS: 1083
[[4, 1, 7], [2, 9, 3], [5, 8, 6]]



MOVIMENTOS: 1084
[[4, 1, 7], [2, 3, 9], [5, 8, 6]]



MOVIMENTOS: 1085
[[4, 1, 7], [2, 3, 6], [5, 8, 9]]



MOVIMENTOS: 1086
[[4, 1, 7], [2, 3, 6], [5, 9, 8]]



MOVIMENTOS: 1087
[[4, 1, 7], [2, 3, 6], [9, 5, 8]]



MOVIMENTOS: 1088
[[4, 1, 7], [9, 3, 6], [2, 5, 8]]



MOVIMENTOS: 1089
[[4, 1, 7], [3, 9, 6], [2, 5, 8]]



MOVIMENTOS: 1090
[[4, 1, 7], [3, 5, 6], [2, 9, 8]]



MOVIMENTOS: 1091
[[4, 1, 7], [3, 5, 6], [2, 8, 9]]



MOVIMENTOS: 1092
[[4, 1, 7], [3, 5, 9], [2, 8, 6]]



MOVIMENTOS: 1093
[[4, 1, 9], [3, 5, 7], [2, 8, 6]]



MOVIMENTOS: 1094
[[4, 9, 1], [3, 5, 7], [2, 8, 6]]



MOVIMENTOS: 1095
[[4, 5, 1], [3, 9, 7], [2, 8, 6]]



MOVIMENTOS: 1096
[[4, 5, 1], [3, 7, 9], [2, 8, 6]]



MOVIMENTOS: 1097
[[4, 5, 1], [3, 7, 6], [2, 8, 9]]



MOVIMENTOS: 1098
[[4, 5, 1], [3, 7, 6], [2, 9, 8]]



MOVIMENTOS: 1099
[[4, 5, 1], [3, 7, 6], [9, 2, 8]]



MOVIMENTOS: 1100
[[4, 5, 1], [9, 7, 6], [3, 2, 8]]



MOVIMENTOS: 1101
[[4, 5, 1], [7, 9, 6], [3, 2, 8]]



MOVIMENTOS: 1102
[[4, 5, 1], [7, 2, 6], [3, 9, 8]]



MOVIMENTOS: 1103
[[4, 5, 1], [7, 2, 6], [3, 8, 9]]



MOVIMENTOS: 1104
[[4, 5, 1], [7, 2, 9], [3, 8, 6]]



MOVIMENTOS: 1105
[[4, 5, 1], [7, 9, 2], [3, 8, 6]]



MOVIMENTOS: 1106
[[4, 9, 1], [7, 5, 2], [3, 8, 6]]



MOVIMENTOS: 1107
[[4, 1, 9], [7, 5, 2], [3, 8, 6]]



MOVIMENTOS: 1108
[[4, 1, 2], [7, 5, 9], [3, 8, 6]]



MOVIMENTOS: 1109
[[4, 1, 2], [7, 5, 6], [3, 8, 9]]



MOVIMENTOS: 1110
[[4, 1, 2], [7, 5, 6], [3, 9, 8]]



MOVIMENTOS: 1111
[[4, 1, 2], [7, 5, 6], [9, 3, 8]]



MOVIMENTOS: 1112
[[4, 1, 2], [9, 5, 6], [7, 3, 8]]



MOVIMENTOS: 1113
[[4, 1, 2], [5, 9, 6], [7, 3, 8]]



MOVIMENTOS: 1114
[[4, 1, 2], [5, 3, 6], [7, 9, 8]]



MOVIMENTOS: 1115
[[4, 1, 2], [5, 3, 6], [7, 8, 9]]



MOVIMENTOS: 1116
[[4, 1, 2], [5, 3, 9], [7, 8, 6]]



MOVIMENTOS: 1117
[[4, 1, 2], [5, 9, 3], [7, 8, 6]]



MOVIMENTOS: 1118
[[4, 1, 2], [9, 5, 3], [7, 8, 6]]



MOVIMENTOS: 1119
[[4, 1, 2], [7, 5, 3], [9, 8, 6]]



MOVIMENTOS: 1120
[[4, 1, 2], [7, 5, 3], [8, 9, 6]]



MOVIMENTOS: 1121
[[4, 1, 2], [7, 5, 3], [8, 6, 9]]



MOVIMENTOS: 1122
[[4, 1, 2], [7, 5, 9], [8, 6, 3]]



MOVIMENTOS: 1123
[[4, 1, 2], [7, 9, 5], [8, 6, 3]]



MOVIMENTOS: 1124
[[4, 1, 2], [7, 6, 5], [8, 9, 3]]



MOVIMENTOS: 1125
[[4, 1, 2], [7, 6, 5], [8, 3, 9]]



MOVIMENTOS: 1126
[[4, 1, 2], [7, 6, 9], [8, 3, 5]]



MOVIMENTOS: 1127
[[4, 1, 2], [7, 9, 6], [8, 3, 5]]



MOVIMENTOS: 1128
[[4, 1, 2], [7, 3, 6], [8, 9, 5]]



MOVIMENTOS: 1129
[[4, 1, 2], [7, 3, 6], [8, 5, 9]]



MOVIMENTOS: 1130
[[4, 1, 2], [7, 3, 9], [8, 5, 6]]



MOVIMENTOS: 1131
[[4, 1, 9], [7, 3, 2], [8, 5, 6]]



MOVIMENTOS: 1132
[[4, 9, 1], [7, 3, 2], [8, 5, 6]]



MOVIMENTOS: 1133
[[4, 3, 1], [7, 9, 2], [8, 5, 6]]



MOVIMENTOS: 1134
[[4, 3, 1], [7, 2, 9], [8, 5, 6]]



MOVIMENTOS: 1135
[[4, 3, 1], [7, 2, 6], [8, 5, 9]]



MOVIMENTOS: 1136
[[4, 3, 1], [7, 2, 6], [8, 9, 5]]



MOVIMENTOS: 1137
[[4, 3, 1], [7, 2, 6], [9, 8, 5]]



MOVIMENTOS: 1138
[[4, 3, 1], [9, 2, 6], [7, 8, 5]]



MOVIMENTOS: 1139
[[4, 3, 1], [2, 9, 6], [7, 8, 5]]



MOVIMENTOS: 1140
[[4, 3, 1], [2, 6, 9], [7, 8, 5]]



MOVIMENTOS: 1141
[[4, 3, 1], [2, 6, 5], [7, 8, 9]]



MOVIMENTOS: 1142
[[4, 3, 1], [2, 6, 5], [7, 9, 8]]



MOVIMENTOS: 1143
[[4, 3, 1], [2, 6, 5], [9, 7, 8]]



MOVIMENTOS: 1144
[[4, 3, 1], [9, 6, 5], [2, 7, 8]]



MOVIMENTOS: 1145
[[4, 3, 1], [6, 9, 5], [2, 7, 8]]



MOVIMENTOS: 1146
[[4, 3, 1], [6, 5, 9], [2, 7, 8]]



MOVIMENTOS: 1147
[[4, 3, 1], [6, 5, 8], [2, 7, 9]]



MOVIMENTOS: 1148
[[4, 3, 1], [6, 5, 8], [2, 9, 7]]



MOVIMENTOS: 1149
[[4, 3, 1], [6, 5, 8], [9, 2, 7]]



MOVIMENTOS: 1150
[[4, 3, 1], [9, 5, 8], [6, 2, 7]]



MOVIMENTOS: 1151
[[4, 3, 1], [5, 9, 8], [6, 2, 7]]



MOVIMENTOS: 1152
[[4, 3, 1], [5, 8, 9], [6, 2, 7]]



MOVIMENTOS: 1153
[[4, 3, 1], [5, 8, 7], [6, 2, 9]]



MOVIMENTOS: 1154
[[4, 3, 1], [5, 8, 7], [6, 9, 2]]



MOVIMENTOS: 1155
[[4, 3, 1], [5, 8, 7], [9, 6, 2]]



MOVIMENTOS: 1156
[[4, 3, 1], [9, 8, 7], [5, 6, 2]]



MOVIMENTOS: 1157
[[4, 3, 1], [8, 9, 7], [5, 6, 2]]



MOVIMENTOS: 1158
[[4, 3, 1], [8, 7, 9], [5, 6, 2]]



MOVIMENTOS: 1159
[[4, 3, 1], [8, 7, 2], [5, 6, 9]]



MOVIMENTOS: 1160
[[4, 3, 1], [8, 7, 2], [5, 9, 6]]



MOVIMENTOS: 1161
[[4, 3, 1], [8, 7, 2], [9, 5, 6]]



MOVIMENTOS: 1162
[[4, 3, 1], [8, 9, 2], [5, 7, 6]]



MOVIMENTOS: 1163
[[4, 3, 1], [8, 2, 9], [5, 7, 6]]



MOVIMENTOS: 1164
[[4, 3, 1], [8, 2, 6], [5, 7, 9]]



MOVIMENTOS: 1165
[[4, 3, 1], [8, 2, 6], [5, 9, 7]]



MOVIMENTOS: 1166
[[4, 3, 1], [8, 2, 6], [9, 5, 7]]



MOVIMENTOS: 1167
[[4, 3, 1], [9, 2, 6], [8, 5, 7]]



MOVIMENTOS: 1168
[[4, 3, 1], [2, 9, 6], [8, 5, 7]]



MOVIMENTOS: 1169
[[4, 3, 1], [2, 5, 6], [8, 9, 7]]



MOVIMENTOS: 1170
[[4, 3, 1], [2, 5, 6], [8, 7, 9]]



MOVIMENTOS: 1171
[[4, 3, 1], [2, 5, 9], [8, 7, 6]]



MOVIMENTOS: 1172
[[4, 3, 1], [2, 9, 5], [8, 7, 6]]



MOVIMENTOS: 1173
[[4, 3, 1], [9, 2, 5], [8, 7, 6]]



MOVIMENTOS: 1174
[[4, 3, 1], [8, 2, 5], [9, 7, 6]]



MOVIMENTOS: 1175
[[4, 3, 1], [8, 2, 5], [7, 9, 6]]



MOVIMENTOS: 1176
[[4, 3, 1], [8, 2, 5], [7, 6, 9]]



MOVIMENTOS: 1177
[[4, 3, 1], [8, 2, 9], [7, 6, 5]]



MOVIMENTOS: 1178
[[4, 3, 1], [8, 9, 2], [7, 6, 5]]



MOVIMENTOS: 1179
[[4, 3, 1], [8, 6, 2], [7, 9, 5]]



MOVIMENTOS: 1180
[[4, 3, 1], [8, 6, 2], [7, 5, 9]]



MOVIMENTOS: 1181
[[4, 3, 1], [8, 6, 9], [7, 5, 2]]



MOVIMENTOS: 1182
[[4, 3, 1], [8, 9, 6], [7, 5, 2]]



MOVIMENTOS: 1183
[[4, 3, 1], [8, 5, 6], [7, 9, 2]]



MOVIMENTOS: 1184
[[4, 3, 1], [8, 5, 6], [7, 2, 9]]



MOVIMENTOS: 1185
[[4, 3, 1], [8, 5, 9], [7, 2, 6]]



MOVIMENTOS: 1186
[[4, 3, 9], [8, 5, 1], [7, 2, 6]]



MOVIMENTOS: 1187
[[4, 9, 3], [8, 5, 1], [7, 2, 6]]



MOVIMENTOS: 1188
[[9, 4, 3], [8, 5, 1], [7, 2, 6]]



MOVIMENTOS: 1189
[[8, 4, 3], [9, 5, 1], [7, 2, 6]]



MOVIMENTOS: 1190
[[8, 4, 3], [5, 9, 1], [7, 2, 6]]



MOVIMENTOS: 1191
[[8, 4, 3], [5, 1, 9], [7, 2, 6]]



MOVIMENTOS: 1192
[[8, 4, 3], [5, 1, 6], [7, 2, 9]]



MOVIMENTOS: 1193
[[8, 4, 3], [5, 1, 6], [7, 9, 2]]



MOVIMENTOS: 1194
[[8, 4, 3], [5, 1, 6], [9, 7, 2]]



MOVIMENTOS: 1195
[[8, 4, 3], [9, 1, 6], [5, 7, 2]]



MOVIMENTOS: 1196
[[8, 4, 3], [1, 9, 6], [5, 7, 2]]



MOVIMENTOS: 1197
[[8, 4, 3], [1, 6, 9], [5, 7, 2]]



MOVIMENTOS: 1198
[[8, 4, 3], [1, 6, 2], [5, 7, 9]]



MOVIMENTOS: 1199
[[8, 4, 3], [1, 6, 2], [5, 9, 7]]



MOVIMENTOS: 1200
[[8, 4, 3], [1, 6, 2], [9, 5, 7]]



MOVIMENTOS: 1201
[[8, 4, 3], [9, 6, 2], [1, 5, 7]]



MOVIMENTOS: 1202
[[8, 4, 3], [6, 9, 2], [1, 5, 7]]



MOVIMENTOS: 1203
[[8, 4, 3], [6, 2, 9], [1, 5, 7]]



MOVIMENTOS: 1204
[[8, 4, 3], [6, 2, 7], [1, 5, 9]]



MOVIMENTOS: 1205
[[8, 4, 3], [6, 2, 7], [1, 9, 5]]



MOVIMENTOS: 1206
[[8, 4, 3], [6, 2, 7], [9, 1, 5]]



MOVIMENTOS: 1207
[[8, 4, 3], [9, 2, 7], [6, 1, 5]]



MOVIMENTOS: 1208
[[8, 4, 3], [2, 9, 7], [6, 1, 5]]



MOVIMENTOS: 1209
[[8, 4, 3], [2, 7, 9], [6, 1, 5]]



MOVIMENTOS: 1210
[[8, 4, 3], [2, 7, 5], [6, 1, 9]]



MOVIMENTOS: 1211
[[8, 4, 3], [2, 7, 5], [6, 9, 1]]



MOVIMENTOS: 1212
[[8, 4, 3], [2, 7, 5], [9, 6, 1]]



MOVIMENTOS: 1213
[[8, 4, 3], [9, 7, 5], [2, 6, 1]]



MOVIMENTOS: 1214
[[8, 4, 3], [7, 9, 5], [2, 6, 1]]



MOVIMENTOS: 1215
[[8, 4, 3], [7, 5, 9], [2, 6, 1]]



MOVIMENTOS: 1216
[[8, 4, 3], [7, 5, 1], [2, 6, 9]]



MOVIMENTOS: 1217
[[8, 4, 3], [7, 5, 1], [2, 9, 6]]



MOVIMENTOS: 1218
[[8, 4, 3], [7, 9, 1], [2, 5, 6]]



MOVIMENTOS: 1219
[[8, 4, 3], [7, 1, 9], [2, 5, 6]]



MOVIMENTOS: 1220
[[8, 4, 3], [7, 1, 6], [2, 5, 9]]



MOVIMENTOS: 1221
[[8, 4, 3], [7, 1, 6], [2, 9, 5]]



MOVIMENTOS: 1222
[[8, 4, 3], [7, 1, 6], [9, 2, 5]]



MOVIMENTOS: 1223
[[8, 4, 3], [9, 1, 6], [7, 2, 5]]



MOVIMENTOS: 1224
[[8, 4, 3], [1, 9, 6], [7, 2, 5]]



MOVIMENTOS: 1225
[[8, 4, 3], [1, 2, 6], [7, 9, 5]]



MOVIMENTOS: 1226
[[8, 4, 3], [1, 2, 6], [7, 5, 9]]



MOVIMENTOS: 1227
[[8, 4, 3], [1, 2, 9], [7, 5, 6]]



MOVIMENTOS: 1228
[[8, 4, 3], [1, 9, 2], [7, 5, 6]]



MOVIMENTOS: 1229
[[8, 4, 3], [1, 5, 2], [7, 9, 6]]



MOVIMENTOS: 1230
[[8, 4, 3], [1, 5, 2], [7, 6, 9]]



MOVIMENTOS: 1231
[[8, 4, 3], [1, 5, 9], [7, 6, 2]]



MOVIMENTOS: 1232
[[8, 4, 3], [1, 9, 5], [7, 6, 2]]



MOVIMENTOS: 1233
[[8, 4, 3], [1, 6, 5], [7, 9, 2]]



MOVIMENTOS: 1234
[[8, 4, 3], [1, 6, 5], [7, 2, 9]]



MOVIMENTOS: 1235
[[8, 4, 3], [1, 6, 5], [9, 7, 2]]



MOVIMENTOS: 1236
[[8, 4, 3], [9, 6, 5], [1, 7, 2]]



MOVIMENTOS: 1237
[[8, 4, 3], [6, 9, 5], [1, 7, 2]]



MOVIMENTOS: 1238
[[8, 4, 3], [6, 5, 9], [1, 7, 2]]



MOVIMENTOS: 1239
[[8, 4, 3], [6, 5, 2], [1, 7, 9]]



MOVIMENTOS: 1240
[[8, 4, 9], [6, 5, 3], [1, 7, 2]]



MOVIMENTOS: 1241
[[8, 9, 4], [6, 5, 3], [1, 7, 2]]



MOVIMENTOS: 1242
[[9, 8, 4], [6, 5, 3], [1, 7, 2]]



MOVIMENTOS: 1243
[[6, 8, 4], [9, 5, 3], [1, 7, 2]]



MOVIMENTOS: 1244
[[6, 8, 4], [1, 5, 3], [9, 7, 2]]



MOVIMENTOS: 1245
[[6, 8, 4], [1, 5, 3], [7, 9, 2]]



MOVIMENTOS: 1246
[[6, 8, 4], [1, 5, 3], [7, 2, 9]]



MOVIMENTOS: 1247
[[6, 8, 4], [1, 5, 9], [7, 2, 3]]



MOVIMENTOS: 1248
[[6, 8, 9], [1, 5, 4], [7, 2, 3]]



MOVIMENTOS: 1249
[[6, 9, 8], [1, 5, 4], [7, 2, 3]]



MOVIMENTOS: 1250
[[9, 6, 8], [1, 5, 4], [7, 2, 3]]



MOVIMENTOS: 1251
[[1, 6, 8], [9, 5, 4], [7, 2, 3]]



MOVIMENTOS: 1252
[[1, 6, 8], [5, 9, 4], [7, 2, 3]]



MOVIMENTOS: 1253
[[1, 6, 8], [5, 4, 9], [7, 2, 3]]



MOVIMENTOS: 1254
[[1, 6, 8], [5, 4, 3], [7, 2, 9]]



MOVIMENTOS: 1255
[[1, 6, 8], [5, 4, 3], [7, 9, 2]]



MOVIMENTOS: 1256
[[1, 6, 8], [5, 4, 3], [9, 7, 2]]



MOVIMENTOS: 1257
[[1, 6, 8], [9, 4, 3], [5, 7, 2]]



MOVIMENTOS: 1258
[[1, 6, 8], [4, 9, 3], [5, 7, 2]]



MOVIMENTOS: 1259
[[1, 6, 8], [4, 3, 9], [5, 7, 2]]



MOVIMENTOS: 1260
[[1, 6, 8], [4, 3, 2], [5, 7, 9]]



MOVIMENTOS: 1261
[[1, 6, 8], [4, 3, 2], [5, 9, 7]]



MOVIMENTOS: 1262
[[1, 6, 8], [4, 3, 2], [9, 5, 7]]



MOVIMENTOS: 1263
[[1, 6, 8], [9, 3, 2], [4, 5, 7]]



MOVIMENTOS: 1264
[[1, 6, 8], [3, 9, 2], [4, 5, 7]]



MOVIMENTOS: 1265
[[1, 6, 8], [3, 2, 9], [4, 5, 7]]



MOVIMENTOS: 1266
[[1, 6, 9], [3, 2, 8], [4, 5, 7]]



MOVIMENTOS: 1267
[[1, 9, 6], [3, 2, 8], [4, 5, 7]]



MOVIMENTOS: 1268
[[1, 2, 6], [3, 9, 8], [4, 5, 7]]



MOVIMENTOS: 1269
[[1, 2, 6], [3, 8, 9], [4, 5, 7]]



MOVIMENTOS: 1270
[[1, 2, 9], [3, 8, 6], [4, 5, 7]]



MOVIMENTOS: 1271
[[1, 9, 2], [3, 8, 6], [4, 5, 7]]



MOVIMENTOS: 1272
[[1, 8, 2], [3, 9, 6], [4, 5, 7]]



MOVIMENTOS: 1273
[[1, 8, 2], [3, 5, 6], [4, 9, 7]]



MOVIMENTOS: 1274
[[1, 8, 2], [3, 5, 6], [4, 7, 9]]



MOVIMENTOS: 1275
[[1, 8, 2], [3, 5, 9], [4, 7, 6]]



MOVIMENTOS: 1276
[[1, 8, 2], [3, 9, 5], [4, 7, 6]]



MOVIMENTOS: 1277
[[1, 8, 2], [9, 3, 5], [4, 7, 6]]



MOVIMENTOS: 1278
[[1, 8, 2], [4, 3, 5], [9, 7, 6]]



MOVIMENTOS: 1279
[[1, 8, 2], [4, 3, 5], [7, 9, 6]]



MOVIMENTOS: 1280
[[1, 8, 2], [4, 3, 5], [7, 6, 9]]



MOVIMENTOS: 1281
[[1, 8, 2], [4, 3, 9], [7, 6, 5]]



MOVIMENTOS: 1282
[[1, 8, 2], [4, 9, 3], [7, 6, 5]]



MOVIMENTOS: 1283
[[1, 8, 2], [4, 6, 3], [7, 9, 5]]



MOVIMENTOS: 1284
[[1, 8, 2], [4, 6, 3], [7, 5, 9]]



MOVIMENTOS: 1285
[[1, 8, 2], [4, 6, 9], [7, 5, 3]]



MOVIMENTOS: 1286
[[1, 8, 2], [4, 9, 6], [7, 5, 3]]



MOVIMENTOS: 1287
[[1, 8, 2], [4, 5, 6], [7, 9, 3]]



MOVIMENTOS: 1288
[[1, 8, 2], [4, 5, 6], [7, 3, 9]]



MOVIMENTOS: 1289
[[1, 8, 2], [4, 5, 9], [7, 3, 6]]



MOVIMENTOS: 1290
[[1, 8, 9], [4, 5, 2], [7, 3, 6]]



MOVIMENTOS: 1291
[[1, 9, 8], [4, 5, 2], [7, 3, 6]]



MOVIMENTOS: 1292
[[1, 5, 8], [4, 9, 2], [7, 3, 6]]



MOVIMENTOS: 1293
[[1, 5, 8], [4, 2, 9], [7, 3, 6]]



MOVIMENTOS: 1294
[[1, 5, 8], [4, 2, 6], [7, 3, 9]]



MOVIMENTOS: 1295
[[1, 5, 8], [4, 2, 6], [7, 9, 3]]



MOVIMENTOS: 1296
[[1, 5, 8], [4, 2, 6], [9, 7, 3]]



MOVIMENTOS: 1297
[[1, 5, 8], [9, 2, 6], [4, 7, 3]]



MOVIMENTOS: 1298
[[1, 5, 8], [2, 9, 6], [4, 7, 3]]



MOVIMENTOS: 1299
[[1, 5, 8], [2, 6, 9], [4, 7, 3]]



MOVIMENTOS: 1300
[[1, 5, 8], [2, 6, 3], [4, 7, 9]]



MOVIMENTOS: 1301
[[1, 5, 8], [2, 6, 3], [4, 9, 7]]



MOVIMENTOS: 1302
[[1, 5, 8], [2, 6, 3], [9, 4, 7]]



MOVIMENTOS: 1303
[[1, 5, 8], [9, 6, 3], [2, 4, 7]]



MOVIMENTOS: 1304
[[1, 5, 8], [6, 9, 3], [2, 4, 7]]



MOVIMENTOS: 1305
[[1, 5, 8], [6, 4, 3], [2, 9, 7]]



MOVIMENTOS: 1306
[[1, 5, 8], [6, 4, 3], [2, 7, 9]]



MOVIMENTOS: 1307
[[1, 5, 8], [6, 4, 9], [2, 7, 3]]



MOVIMENTOS: 1308
[[1, 5, 9], [6, 4, 8], [2, 7, 3]]



MOVIMENTOS: 1309
[[1, 9, 5], [6, 4, 8], [2, 7, 3]]



MOVIMENTOS: 1310
[[1, 4, 5], [6, 9, 8], [2, 7, 3]]



MOVIMENTOS: 1311
[[1, 4, 5], [6, 8, 9], [2, 7, 3]]



MOVIMENTOS: 1312
[[1, 4, 5], [6, 8, 3], [2, 7, 9]]



MOVIMENTOS: 1313
[[1, 4, 5], [6, 8, 3], [2, 9, 7]]



MOVIMENTOS: 1314
[[1, 4, 5], [6, 8, 3], [9, 2, 7]]



MOVIMENTOS: 1315
[[1, 4, 5], [9, 8, 3], [6, 2, 7]]



MOVIMENTOS: 1316
[[1, 4, 5], [8, 9, 3], [6, 2, 7]]



MOVIMENTOS: 1317
[[1, 4, 5], [8, 2, 3], [6, 9, 7]]



MOVIMENTOS: 1318
[[1, 4, 5], [8, 2, 3], [6, 7, 9]]



MOVIMENTOS: 1319
[[1, 4, 5], [8, 2, 9], [6, 7, 3]]



MOVIMENTOS: 1320
[[1, 4, 9], [8, 2, 5], [6, 7, 3]]



MOVIMENTOS: 1321
[[1, 9, 4], [8, 2, 5], [6, 7, 3]]



MOVIMENTOS: 1322
[[1, 2, 4], [8, 9, 5], [6, 7, 3]]



MOVIMENTOS: 1323
[[1, 2, 4], [8, 5, 9], [6, 7, 3]]



MOVIMENTOS: 1324
[[1, 2, 4], [8, 5, 3], [6, 7, 9]]



MOVIMENTOS: 1325
[[1, 2, 4], [8, 5, 3], [6, 9, 7]]



MOVIMENTOS: 1326
[[1, 2, 4], [8, 5, 3], [9, 6, 7]]



MOVIMENTOS: 1327
[[1, 2, 4], [9, 5, 3], [8, 6, 7]]



MOVIMENTOS: 1328
[[1, 2, 4], [5, 9, 3], [8, 6, 7]]



MOVIMENTOS: 1329
[[1, 2, 4], [5, 6, 3], [8, 9, 7]]



MOVIMENTOS: 1330
[[1, 2, 4], [5, 6, 3], [8, 7, 9]]



MOVIMENTOS: 1331
[[1, 2, 4], [5, 6, 9], [8, 7, 3]]



MOVIMENTOS: 1332
[[1, 2, 4], [5, 9, 6], [8, 7, 3]]



MOVIMENTOS: 1333
[[1, 2, 4], [9, 5, 6], [8, 7, 3]]



MOVIMENTOS: 1334
[[1, 2, 4], [8, 5, 6], [9, 7, 3]]



MOVIMENTOS: 1335
[[1, 2, 4], [8, 5, 6], [7, 9, 3]]



MOVIMENTOS: 1336
[[1, 2, 4], [8, 5, 6], [7, 3, 9]]



MOVIMENTOS: 1337
[[1, 2, 4], [8, 5, 9], [7, 3, 6]]



MOVIMENTOS: 1338
[[1, 2, 9], [8, 5, 4], [7, 3, 6]]



MOVIMENTOS: 1339
[[1, 9, 2], [8, 5, 4], [7, 3, 6]]



MOVIMENTOS: 1340
[[1, 5, 2], [8, 9, 4], [7, 3, 6]]



MOVIMENTOS: 1341
[[1, 5, 2], [8, 4, 9], [7, 3, 6]]



MOVIMENTOS: 1342
[[1, 5, 2], [8, 4, 6], [7, 3, 9]]



MOVIMENTOS: 1343
[[1, 5, 2], [8, 4, 6], [7, 9, 3]]



MOVIMENTOS: 1344
[[1, 5, 2], [8, 4, 6], [9, 7, 3]]



MOVIMENTOS: 1345
[[1, 5, 2], [9, 4, 6], [8, 7, 3]]



MOVIMENTOS: 1346
[[1, 5, 2], [4, 9, 6], [8, 7, 3]]



MOVIMENTOS: 1347
[[1, 5, 2], [4, 6, 9], [8, 7, 3]]



MOVIMENTOS: 1348
[[1, 5, 2], [4, 6, 3], [8, 7, 9]]



MOVIMENTOS: 1349
[[1, 5, 2], [4, 6, 3], [8, 9, 7]]



MOVIMENTOS: 1350
[[1, 5, 2], [4, 6, 3], [9, 8, 7]]



MOVIMENTOS: 1351
[[1, 5, 2], [9, 6, 3], [4, 8, 7]]



MOVIMENTOS: 1352
[[1, 5, 2], [6, 9, 3], [4, 8, 7]]



MOVIMENTOS: 1353
[[1, 5, 2], [6, 3, 9], [4, 8, 7]]



MOVIMENTOS: 1354
[[1, 5, 2], [6, 3, 7], [4, 8, 9]]



MOVIMENTOS: 1355
[[1, 5, 2], [6, 3, 7], [4, 9, 8]]



MOVIMENTOS: 1356
[[1, 5, 2], [6, 3, 7], [9, 4, 8]]



MOVIMENTOS: 1357
[[1, 5, 2], [9, 3, 7], [6, 4, 8]]



MOVIMENTOS: 1358
[[1, 5, 2], [3, 9, 7], [6, 4, 8]]



MOVIMENTOS: 1359
[[1, 5, 2], [3, 7, 9], [6, 4, 8]]



MOVIMENTOS: 1360
[[1, 5, 2], [3, 7, 8], [6, 4, 9]]



MOVIMENTOS: 1361
[[1, 5, 2], [3, 7, 8], [6, 9, 4]]



MOVIMENTOS: 1362
[[1, 5, 2], [3, 7, 8], [9, 6, 4]]



MOVIMENTOS: 1363
[[1, 5, 2], [9, 7, 8], [3, 6, 4]]



MOVIMENTOS: 1364
[[1, 5, 2], [7, 9, 8], [3, 6, 4]]



MOVIMENTOS: 1365
[[1, 5, 2], [7, 8, 9], [3, 6, 4]]



MOVIMENTOS: 1366
[[1, 5, 2], [7, 8, 4], [3, 6, 9]]



MOVIMENTOS: 1367
[[1, 5, 2], [7, 8, 4], [3, 9, 6]]



MOVIMENTOS: 1368
[[1, 5, 2], [7, 8, 4], [9, 3, 6]]



MOVIMENTOS: 1369
[[1, 5, 2], [7, 9, 4], [3, 8, 6]]



MOVIMENTOS: 1370
[[1, 5, 2], [7, 4, 9], [3, 8, 6]]



MOVIMENTOS: 1371
[[1, 5, 2], [7, 4, 6], [3, 8, 9]]



MOVIMENTOS: 1372
[[1, 5, 2], [7, 4, 6], [3, 9, 8]]



MOVIMENTOS: 1373
[[1, 5, 2], [7, 4, 6], [9, 3, 8]]



MOVIMENTOS: 1374
[[1, 5, 2], [9, 4, 6], [7, 3, 8]]



MOVIMENTOS: 1375
[[1, 5, 2], [4, 9, 6], [7, 3, 8]]



MOVIMENTOS: 1376
[[1, 5, 2], [4, 3, 6], [7, 9, 8]]



MOVIMENTOS: 1377
[[1, 5, 2], [4, 3, 6], [7, 8, 9]]



MOVIMENTOS: 1378
[[1, 5, 2], [4, 3, 9], [7, 8, 6]]



MOVIMENTOS: 1379
[[1, 5, 2], [4, 9, 3], [7, 8, 6]]



MOVIMENTOS: 1380
[[1, 9, 2], [4, 5, 3], [7, 8, 6]]



MOVIMENTOS: 1381
[[1, 2, 9], [4, 5, 3], [7, 8, 6]]



MOVIMENTOS: 1382
[[1, 2, 3], [4, 5, 9], [7, 8, 6]]



MOVIMENTOS: 1383
[[1, 2, 3], [4, 5, 6], [7, 8, 9]]



META atigida com: 1383 movimentos